======= 12x12 | Batch 4 =======
Level 151:
  Backtracking: {[10,10], [9,3], [5,0], [4,8], [1,7], [0,2], [6,9], [8,11], [11,1], [2,4], [7,5], [3,6]}, 0ms, valid
  PSO: {[11,10], [9,3], [5,0], [4,8], [3,11], [0,2], [6,9], [8,11], [10,0], [1,5], [7,6], [5,4]}, 2595ms, not valid, fitness = 3.0 (adj = 0, att = 3)

Level 152:
  Backtracking: {[10,5], [4,6], [11,10], [6,2], [3,4], [1,0], [5,11], [9,3], [0,8], [7,9], [8,1], [2,7]}, 0ms, valid
  PSO: {[10,4], [4,6], [11,10], [6,3], [2,5], [0,0], [7,11], [8,5], [1,9], [7,7], [8,1], [5,8]}, 2783ms, not valid, fitness = 3.0 (adj = 0, att = 3)

Level 153:
  Backtracking: {[11,6], [4,8], [10,4], [6,2], [5,11], [0,3], [7,5], [8,7], [2,10], [1,1], [9,9], [3,0]}, 0ms, valid
  PSO: {[11,6], [4,4], [11,9], [10,2], [6,10], [1,3], [7,5], [8,7], [2,8], [3,2], [9,9], [5,1]}, 2688ms, not valid, fitness = 3.0 (adj = 0, att = 3)

Level 154:
  Backtracking: {[9,10], [8,7], [6,11], [7,9], [4,3], [2,4], [10,6], [11,2], [0,8], [1,1], [5,5], [3,0]}, 3ms, valid
  PSO: {[8,10], [3,7], [5,11], [6,8], [4,2], [0,6], [9,3], [11,2], [1,9], [2,0], [5,4], [6,1]}, 2736ms, not valid, fitness = 3.0 (adj = 0, att = 3)

Level 155:
  Backtracking: {[11,11], [3,0], [10,9], [4,5], [6,4], [2,8], [5,10], [0,3], [1,1], [9,7], [7,6], [8,2]}, 0ms, valid
  PSO: {[11,11], [3,0], [10,9], [4,5], [6,8], [0,11], [7,10], [1,6], [2,2], [9,7], [8,3], [10,1]}, 2566ms, not valid, fitness = 2.0 (adj = 0, att = 2)

Level 156:
  Backtracking: {[10,10], [5,6], [9,7], [11,4], [6,11], [0,2], [7,3], [3,1], [2,8], [1,0], [8,5], [4,9]}, 0ms, valid
  PSO: {[11,10], [5,7], [11,8], [10,5], [6,11], [3,4], [7,3], [7,0], [2,10], [0,1], [8,6], [4,9]}, 2628ms, not valid, fitness = 3.0 (adj = 0, att = 3)

Level 157:
  Backtracking: {[11,4], [6,6], [9,5], [10,2], [4,10], [1,3], [5,8], [7,11], [0,1], [2,7], [8,9], [3,0]}, 1ms, valid
  PSO: {[11,5], [6,6], [9,6], [8,3], [3,4], [4,11], [5,9], [7,10], [1,0], [2,7], [10,8], [4,1]}, 2654ms, not valid, fitness = 2.0 (adj = 0, att = 2)

Level 158:
  Backtracking: {[11,9], [3,4], [10,3], [8,1], [4,7], [6,2], [0,5], [7,11], [1,8], [5,0], [9,10], [2,6]}, 0ms, valid
  PSO: {[11,9], [1,3], [10,4], [8,1], [4,7], [5,2], [0,5], [7,11], [1,8], [3,0], [6,9], [2,6]}, 2648ms, not valid, fitness = 2.0 (adj = 0, att = 2)

Level 159:
  Backtracking: {[9,10], [1,7], [10,2], [7,8], [6,5], [3,4], [11,0], [5,1], [0,11], [4,6], [8,3], [2,9]}, 1ms, valid
  PSO: {[7,11], [1,7], [11,4], [10,8], [6,5], [2,2], [8,1], [3,0], [0,11], [4,10], [9,3], [2,9]}, 2765ms, not valid, fitness = 2.0 (adj = 0, att = 2)

Level 160:
  Backtracking: {[10,1], [3,5], [8,7], [4,9], [1,6], [9,4], [11,3], [7,2], [0,10], [5,0], [6,11], [2,8]}, 0ms, valid
  PSO: {[11,1], [4,5], [10,7], [3,10], [1,6], [2,0], [9,3], [7,2], [0,11], [5,0], [6,11], [5,8]}, 2848ms, not valid, fitness = 3.0 (adj = 0, att = 3)

Level 161:
  Backtracking: {[11,5], [3,1], [9,4], [6,8], [4,11], [0,9], [10,0], [8,7], [1,6], [5,2], [7,3], [2,10]}, 2ms, valid
  PSO: {[10,7], [3,5], [9,4], [6,8], [4,11], [0,9], [1,1], [8,11], [0,6], [11,2], [7,3], [2,10]}, 2778ms, not valid, fitness = 2.0 (adj = 0, att = 2)

Level 162:
  Backtracking: {[9,11], [3,5], [11,10], [5,9], [6,6], [0,2], [7,3], [2,0], [1,4], [10,8], [8,1], [4,7]}, 0ms, valid
  PSO: {[9,11], [2,5], [11,10], [6,10], [1,9], [0,3], [7,6], [5,0], [3,4], [10,8], [10,2], [4,7]}, 2708ms, not valid, fitness = 3.0 (adj = 1, att = 2)

Level 163:
  Backtracking: {[10,11], [2,2], [9,7], [5,4], [4,10], [3,0], [8,1], [6,8], [1,5], [11,3], [7,6], [0,9]}, 18ms, valid
  PSO: {[10,11], [2,2], [9,6], [5,4], [3,10], [0,5], [7,0], [6,11], [1,7], [4,1], [8,8], [0,9]}, 2700ms, not valid, fitness = 2.0 (adj = 0, att = 2)

Level 164:
  Backtracking: {[7,8], [3,5], [11,0], [6,1], [5,10], [0,4], [8,3], [10,7], [4,2], [1,6], [9,9], [2,11]}, 0ms, valid
  PSO: {[9,5], [4,4], [10,1], [7,0], [5,11], [0,8], [7,3], [11,6], [4,2], [6,9], [8,10], [3,11]}, 2672ms, not valid, fitness = 3.0 (adj = 0, att = 3)

Level 165:
  Backtracking: {[10,1], [4,2], [9,6], [8,8], [2,11], [1,3], [7,5], [11,4], [0,9], [3,0], [6,10], [5,7]}, 1ms, valid
  PSO: {[11,1], [5,2], [9,7], [6,5], [2,8], [1,2], [8,3], [10,3], [0,10], [4,0], [7,11], [3,4]}, 2728ms, not valid, fitness = 2.0 (adj = 0, att = 2)

Level 166:
  Backtracking: {[11,9], [2,8], [10,0], [4,6], [6,3], [0,7], [8,2], [5,1], [9,4], [1,5], [7,11], [3,10]}, 0ms, valid
  PSO: {[11,10], [2,8], [10,3], [6,7], [5,4], [4,9], [8,2], [0,1], [8,5], [1,6], [7,11], [3,11]}, 2591ms, not valid, fitness = 2.0 (adj = 0, att = 2)

Level 167:
  Backtracking: {[11,4], [4,8], [10,7], [7,2], [3,10], [0,0], [6,9], [9,3], [1,11], [2,1], [8,5], [5,6]}, 0ms, valid
  PSO: {[11,4], [4,5], [10,11], [7,2], [3,10], [0,0], [6,9], [9,3], [1,8], [2,0], [8,5], [5,1]}, 2662ms, not valid, fitness = 2.0 (adj = 0, att = 2)

Level 168:
  Backtracking: {[11,8], [4,11], [9,1], [6,3], [1,2], [0,6], [3,7], [10,10], [2,5], [7,9], [8,4], [5,0]}, 0ms, valid
  PSO: {[11,8], [5,11], [10,0], [7,4], [4,3], [1,6], [3,7], [11,10], [0,2], [6,9], [9,4], [7,1]}, 2569ms, not valid, fitness = 3.0 (adj = 0, att = 3)

Level 169:
  Backtracking: {[10,5], [0,9], [9,3], [8,7], [3,8], [5,4], [4,1], [11,10], [1,11], [6,2], [7,0], [2,6]}, 2ms, valid
  PSO: {[10,2], [3,10], [8,4], [7,7], [3,8], [0,5], [4,1], [9,11], [1,11], [2,3], [6,0], [1,9]}, 2606ms, not valid, fitness = 3.0 (adj = 0, att = 3)

Level 170:
  Backtracking: {[9,7], [3,2], [11,4], [6,11], [5,6], [0,1], [8,3], [7,9], [1,5], [2,0], [10,10], [4,8]}, 1ms, valid
  PSO: {[9,7], [5,3], [11,4], [6,11], [7,5], [0,1], [8,3], [7,9], [1,6], [4,0], [10,10], [4,8]}, 2808ms, not valid, fitness = 3.0 (adj = 0, att = 3)

Level 171:
  Backtracking: {[11,9], [4,11], [10,6], [6,2], [0,4], [1,8], [9,3], [3,1], [7,10], [2,5], [8,7], [5,0]}, 0ms, valid
  PSO: {[11,9], [4,11], [10,6], [6,2], [1,4], [2,10], [9,3], [0,1], [8,10], [3,7], [9,8], [5,0]}, 2622ms, not valid, fitness = 2.0 (adj = 0, att = 2)

Level 172:
  Backtracking: {[11,9], [4,2], [6,1], [8,0], [2,4], [0,5], [7,11], [10,3], [9,7], [1,8], [5,10], [3,6]}, 1ms, valid
  PSO: {[11,10], [4,1], [6,1], [8,0], [5,4], [0,3], [7,11], [10,2], [9,5], [2,8], [9,9], [3,6]}, 2534ms, not valid, fitness = 2.0 (adj = 0, att = 2)

Level 173:
  Backtracking: {[2,7], [3,10], [4,6], [5,4], [8,0], [1,2], [11,1], [7,9], [9,8], [0,5], [6,11], [10,3]}, 1ms, valid
  PSO: {[3,8], [1,11], [4,7], [5,4], [6,1], [2,0], [7,3], [8,9], [10,8], [0,5], [5,10], [9,6]}, 2754ms, not valid, fitness = 3.0 (adj = 1, att = 2)

Level 174:
  Backtracking: {[11,10], [3,6], [8,3], [4,0], [9,11], [0,4], [7,9], [2,1], [1,8], [6,7], [5,5], [10,2]}, 2ms, valid
  PSO: {[11,4], [3,6], [6,3], [4,0], [1,11], [0,7], [7,8], [2,1], [2,9], [5,7], [5,5], [10,2]}, 2706ms, not valid, fitness = 3.0 (adj = 0, att = 3)

Level 175:
  Backtracking: {[11,1], [2,4], [5,0], [3,8], [8,9], [9,6], [7,11], [10,3], [0,5], [4,10], [6,2], [1,7]}, 0ms, valid
  PSO: {[11,1], [2,4], [7,0], [4,7], [8,10], [9,6], [11,10], [10,3], [0,5], [1,11], [6,2], [0,8]}, 2615ms, not valid, fitness = 3.0 (adj = 0, att = 3)

Level 176:
  Backtracking: {[11,11], [1,7], [10,6], [6,0], [5,2], [3,8], [8,1], [9,9], [0,10], [2,5], [7,3], [4,4]}, 1ms, valid
  PSO: {[11,11], [1,8], [10,7], [6,0], [4,2], [3,10], [10,1], [9,9], [0,11], [2,5], [7,3], [5,6]}, 2458ms, not valid, fitness = 2.0 (adj = 0, att = 2)

Level 177:
  Backtracking: {[11,7], [2,11], [10,0], [6,8], [3,3], [1,5], [9,2], [8,4], [0,9], [5,1], [7,6], [4,10]}, 5ms, valid
  PSO: {[11,6], [2,11], [10,0], [6,9], [6,5], [1,6], [9,3], [8,4], [0,10], [4,2], [7,7], [3,8]}, 2513ms, not valid, fitness = 3.0 (adj = 1, att = 2)

Level 178:
  Backtracking: {[8,10], [1,7], [10,6], [6,8], [3,0], [2,11], [9,1], [11,2], [4,9], [0,5], [7,3], [5,4]}, 1ms, valid
  PSO: {[8,10], [1,7], [11,6], [6,9], [5,2], [0,11], [9,1], [10,4], [4,9], [1,5], [7,3], [2,10]}, 2542ms, not valid, fitness = 3.0 (adj = 0, att = 3)

Level 179:
  Backtracking: {[11,2], [3,5], [8,0], [5,4], [2,3], [0,8], [7,11], [10,9], [6,7], [1,10], [9,6], [4,1]}, 1ms, valid
  PSO: {[11,2], [4,5], [10,0], [6,4], [3,7], [0,9], [11,11], [8,10], [7,8], [2,10], [9,6], [1,1]}, 2660ms, not valid, fitness = 2.0 (adj = 0, att = 2)

Level 180:
  Backtracking: {[1,2], [11,8], [4,9], [5,6], [6,1], [0,4], [7,5], [8,10], [2,7], [3,0], [9,3], [10,11]}, 0ms, valid
  PSO: {[1,2], [11,8], [4,9], [3,7], [6,5], [0,4], [7,7], [8,10], [2,9], [5,0], [9,3], [10,11]}, 2467ms, not valid, fitness = 2.0 (adj = 0, att = 2)

Level 181:
  Backtracking: {[11,11], [6,6], [10,9], [5,3], [7,0], [1,2], [4,10], [9,1], [0,4], [2,8], [8,7], [3,5]}, 1ms, valid
  PSO: {[11,11], [0,11], [10,9], [6,4], [4,2], [2,3], [5,10], [9,1], [1,0], [2,8], [7,6], [3,5]}, 2663ms, not valid, fitness = 2.0 (adj = 0, att = 2)

Level 182:
  Backtracking: {[10,9], [5,1], [11,5], [6,10], [9,3], [0,6], [4,7], [8,11], [1,4], [7,8], [2,2], [3,0]}, 3ms, valid
  PSO: {[10,8], [2,0], [11,4], [5,10], [8,5], [0,6], [4,7], [9,11], [1,9], [7,8], [3,2], [8,1]}, 2618ms, not valid, fitness = 2.0 (adj = 0, att = 2)

Level 183:
  Backtracking: {[10,9], [3,0], [6,1], [5,5], [2,10], [0,3], [7,8], [8,6], [1,7], [9,11], [11,4], [4,2]}, 0ms, valid
  PSO: {[11,11], [3,0], [5,0], [6,4], [2,9], [0,3], [7,8], [10,6], [1,7], [9,10], [7,1], [4,2]}, 2657ms, not valid, fitness = 2.0 (adj = 0, att = 2)

Level 184:
  Backtracking: {[11,7], [0,10], [10,5], [7,4], [3,6], [4,0], [5,9], [6,1], [1,3], [2,11], [8,2], [9,8]}, 0ms, valid
  PSO: {[11,9], [0,10], [10,6], [9,4], [3,8], [0,0], [4,11], [6,1], [1,3], [2,11], [8,2], [7,7]}, 2577ms, not valid, fitness = 2.0 (adj = 0, att = 2)

Level 185:
  Backtracking: {[10,5], [3,2], [11,9], [8,4], [5,10], [2,6], [9,7], [7,11], [0,1], [1,8], [4,0], [6,3]}, 0ms, valid
  PSO: {[10,5], [3,1], [11,9], [8,4], [5,11], [2,10], [9,7], [7,11], [0,2], [1,8], [9,0], [6,3]}, 2473ms, not valid, fitness = 2.0 (adj = 0, att = 2)

Level 186:
  Backtracking: {[10,5], [2,6], [8,10], [4,2], [0,11], [5,8], [7,0], [11,1], [1,9], [6,3], [9,7], [3,4]}, 0ms, valid
  PSO: {[10,4], [2,0], [9,10], [5,3], [0,11], [4,9], [8,1], [11,2], [1,9], [7,8], [9,7], [3,5]}, 2379ms, not valid, fitness = 2.0 (adj = 0, att = 2)

Level 187:
  Backtracking: {[10,10], [2,1], [8,9], [4,6], [3,11], [1,8], [11,5], [9,7], [0,3], [5,0], [7,2], [6,4]}, 0ms, valid
  PSO: {[10,10], [3,1], [8,9], [6,6], [4,11], [2,5], [11,3], [10,7], [0,0], [9,0], [7,2], [6,4]}, 2521ms, not valid, fitness = 3.0 (adj = 0, att = 3)

Level 188:
  Backtracking: {[11,1], [5,5], [8,0], [6,2], [4,10], [0,8], [7,6], [9,7], [1,11], [3,4], [10,3], [2,9]}, 0ms, valid
  PSO: {[11,1], [6,8], [8,0], [7,2], [4,10], [0,7], [9,5], [11,6], [3,11], [1,0], [10,3], [2,9]}, 2365ms, not valid, fitness = 3.0 (adj = 1, att = 2)

Level 189:
  Backtracking: {[10,2], [2,6], [5,3], [4,5], [11,0], [0,4], [7,9], [8,11], [1,1], [3,10], [6,7], [9,8]}, 0ms, valid
  PSO: {[10,5], [2,6], [5,3], [4,6], [7,2], [0,4], [6,9], [8,11], [1,0], [3,8], [6,7], [9,9]}, 2374ms, not valid, fitness = 3.0 (adj = 0, att = 3)

Level 190:
  Backtracking: {[10,8], [2,1], [9,4], [6,7], [4,3], [0,6], [7,0], [1,11], [11,5], [3,10], [8,2], [5,9]}, 1ms, valid
  PSO: {[10,7], [3,3], [9,4], [10,10], [5,5], [0,6], [7,0], [1,9], [11,1], [2,6], [8,2], [6,11]}, 2337ms, not valid, fitness = 2.0 (adj = 0, att = 2)

Level 191:
  Backtracking: {[11,5], [3,6], [8,0], [6,8], [4,4], [2,9], [9,10], [10,3], [0,2], [1,7], [7,11], [5,1]}, 0ms, valid
  PSO: {[11,4], [2,5], [8,3], [5,9], [6,6], [3,9], [9,10], [10,6], [0,2], [1,7], [7,11], [4,1]}, 2315ms, not valid, fitness = 2.0 (adj = 0, att = 2)

Level 192:
  Backtracking: {[11,11], [3,5], [10,9], [4,1], [5,6], [0,2], [6,10], [8,4], [1,0], [2,3], [9,7], [7,8]}, 0ms, valid
  PSO: {[11,11], [1,7], [11,9], [8,1], [6,5], [0,4], [7,11], [10,2], [2,0], [2,3], [9,8], [5,10]}, 2370ms, not valid, fitness = 3.0 (adj = 0, att = 3)

Level 193:
  Backtracking: {[10,3], [3,0], [11,1], [5,4], [6,7], [1,5], [0,9], [7,10], [9,6], [4,11], [8,8], [2,2]}, 0ms, valid
  PSO: {[10,5], [3,0], [11,0], [5,3], [6,6], [1,4], [0,9], [9,10], [8,2], [4,11], [7,8], [2,1]}, 2268ms, not valid, fitness = 2.0 (adj = 1, att = 1)

Level 194:
  Backtracking: {[11,2], [1,11], [10,0], [4,6], [2,3], [0,9], [6,5], [9,7], [5,8], [3,10], [8,4], [7,1]}, 4ms, valid
  PSO: {[11,2], [1,11], [10,0], [10,10], [4,5], [0,9], [6,6], [9,7], [5,8], [3,9], [8,4], [7,1]}, 2337ms, not valid, fitness = 2.0 (adj = 0, att = 2)

Level 195:
  Backtracking: {[8,1], [4,7], [11,0], [5,5], [7,8], [0,3], [10,6], [2,4], [1,10], [6,2], [9,9], [3,11]}, 0ms, valid
  PSO: {[10,2], [3,10], [11,0], [7,6], [11,8], [4,5], [9,7], [2,4], [0,9], [6,1], [8,11], [5,11]}, 2236ms, not valid, fitness = 2.0 (adj = 0, att = 2)

Level 196:
  Backtracking: {[10,0], [2,11], [11,9], [6,10], [5,2], [0,3], [7,6], [4,4], [1,5], [8,1], [9,8], [3,7]}, 1ms, valid
  PSO: {[10,1], [2,11], [9,11], [6,10], [7,0], [1,2], [8,5], [4,4], [0,7], [11,3], [9,8], [3,9]}, 2255ms, not valid, fitness = 2.0 (adj = 0, att = 2)

Level 197:
  Backtracking: {[11,3], [4,10], [10,8], [6,0], [3,1], [1,9], [8,7], [9,2], [2,4], [0,11], [7,5], [5,6]}, 2ms, valid
  PSO: {[11,4], [6,9], [10,8], [5,0], [3,1], [0,3], [8,7], [9,2], [2,6], [1,10], [7,5], [5,6]}, 2221ms, not valid, fitness = 2.0 (adj = 0, att = 2)

Level 198:
  Backtracking: {[11,9], [0,7], [10,2], [9,4], [8,1], [1,5], [3,8], [4,0], [2,10], [5,6], [7,3], [6,11]}, 0ms, valid
  PSO: {[11,9], [2,8], [9,2], [9,4], [10,0], [1,5], [5,7], [6,1], [4,11], [7,6], [7,3], [8,10]}, 2213ms, not valid, fitness = 2.0 (adj = 0, att = 2)

Level 199:
  Backtracking: {[10,3], [2,11], [4,4], [7,7], [1,8], [5,2], [6,9], [8,0], [9,5], [0,10], [11,1], [3,6]}, 0ms, valid
  PSO: {[7,4], [2,11], [5,5], [10,9], [1,8], [4,2], [6,10], [8,0], [9,6], [0,11], [11,2], [3,7]}, 2220ms, not valid, fitness = 2.0 (adj = 0, att = 2)

Level 200:
  Backtracking: {[11,0], [3,5], [10,3], [5,2], [2,7], [0,11], [6,10], [4,9], [1,4], [7,8], [8,6], [9,1]}, 0ms, valid
  PSO: {[11,0], [4,0], [10,3], [5,2], [1,6], [0,11], [6,10], [3,9], [0,4], [8,8], [10,5], [9,1]}, 2191ms, not valid, fitness = 3.0 (adj = 0, att = 3)

