======= 12x12 | Batch 1 =======
Level 1:
  Backtracking: {[3,5], [10,1], [7,4], [6,8], [0,3], [8,9], [4,2], [9,11], [1,0], [5,6], [11,10], [2,7]}, 1ms, valid
  PSO: {[3,5], [10,1], [7,4], [6,8], [1,2], [8,7], [10,3], [11,11], [4,0], [5,6], [9,10], [2,7]}, 4455ms, not valid, fitness = 2.0 (adj = 0, att = 2)

Level 2:
  Backtracking: {[3,5], [11,9], [8,11], [6,7], [2,0], [4,10], [9,8], [10,3], [0,6], [5,2], [7,1], [1,4]}, 1ms, valid
  PSO: {[3,6], [11,9], [8,11], [6,7], [0,2], [5,10], [8,8], [10,3], [2,9], [7,5], [9,0], [1,4]}, 4538ms, not valid, fitness = 2.0 (adj = 0, att = 2)

Level 3:
  Backtracking: {[3,6], [10,10], [7,3], [5,4], [0,2], [11,8], [9,7], [4,0], [2,1], [1,5], [8,11], [6,9]}, 0ms, valid
  PSO: {[4,11], [10,10], [8,3], [5,5], [3,7], [11,8], [9,7], [7,0], [2,2], [1,6], [8,11], [6,9]}, 4527ms, not valid, fitness = 3.0 (adj = 0, att = 3)

Level 4:
  Backtracking: {[6,5], [11,8], [3,11], [2,9], [0,2], [4,6], [7,0], [10,3], [1,7], [5,10], [9,1], [8,4]}, 1ms, valid
  PSO: {[6,3], [11,10], [5,8], [3,9], [0,2], [7,6], [8,0], [11,1], [2,5], [4,11], [9,2], [10,4]}, 4551ms, not valid, fitness = 2.0 (adj = 0, att = 2)

Level 5:
  Backtracking: {[3,9], [11,8], [6,4], [5,2], [0,5], [4,11], [8,3], [10,1], [2,0], [1,10], [9,7], [7,6]}, 0ms, valid
  PSO: {[6,10], [11,7], [6,4], [5,2], [1,6], [4,11], [8,3], [10,1], [2,0], [3,8], [9,9], [9,5]}, 4377ms, not valid, fitness = 2.0 (adj = 0, att = 2)

Level 6:
  Backtracking: {[4,11], [11,5], [5,4], [0,0], [1,3], [9,6], [10,2], [7,7], [2,1], [3,8], [8,10], [6,9]}, 1ms, valid
  PSO: {[4,11], [11,5], [5,4], [1,0], [0,10], [9,6], [10,3], [7,7], [2,2], [7,11], [9,8], [6,9]}, 4415ms, not valid, fitness = 3.0 (adj = 0, att = 3)

Level 7:
  Backtracking: {[4,4], [10,0], [11,10], [5,1], [0,6], [2,7], [8,3], [6,8], [1,11], [3,2], [9,9], [7,5]}, 0ms, valid
  PSO: {[4,4], [10,0], [11,9], [6,1], [0,7], [5,8], [8,3], [10,11], [1,10], [3,2], [9,9], [7,5]}, 4345ms, not valid, fitness = 2.0 (adj = 0, att = 2)

Level 8:
  Backtracking: {[3,9], [6,1], [4,2], [5,5], [0,3], [2,6], [7,8], [11,4], [9,7], [1,0], [10,10], [8,11]}, 0ms, valid
  PSO: {[2,7], [8,3], [6,0], [3,4], [0,0], [4,9], [7,8], [10,1], [11,6], [1,2], [11,10], [9,11]}, 4431ms, not valid, fitness = 2.0 (adj = 0, att = 2)

Level 9:
  Backtracking: {[4,0], [11,9], [5,2], [3,10], [0,6], [7,1], [10,4], [6,7], [1,3], [8,11], [9,8], [2,5]}, 0ms, valid
  PSO: {[4,0], [11,10], [9,6], [2,7], [1,9], [7,1], [10,3], [6,7], [0,2], [5,10], [8,8], [3,5]}, 4432ms, not valid, fitness = 2.0 (adj = 0, att = 2)

Level 10:
  Backtracking: {[1,4], [11,11], [5,10], [2,8], [0,7], [4,2], [8,0], [10,3], [3,6], [7,9], [9,5], [6,1]}, 4ms, valid
  PSO: {[6,6], [10,9], [5,10], [2,11], [0,8], [4,2], [10,0], [11,3], [1,5], [8,7], [9,4], [7,1]}, 4370ms, not valid, fitness = 1.0 (adj = 0, att = 1)

Level 11:
  Backtracking: {[3,0], [5,8], [2,3], [7,7], [0,4], [8,10], [6,1], [10,9], [1,6], [4,2], [9,5], [11,11]}, 0ms, valid
  PSO: {[4,0], [5,11], [3,3], [2,5], [0,4], [8,10], [6,1], [7,8], [1,9], [9,0], [11,3], [10,11]}, 4483ms, not valid, fitness = 3.0 (adj = 0, att = 3)

Level 12:
  Backtracking: {[3,7], [9,11], [6,6], [4,10], [2,4], [5,8], [8,5], [11,2], [0,3], [1,9], [10,0], [7,1]}, 1ms, valid
  PSO: {[4,9], [10,10], [6,4], [3,11], [2,6], [7,8], [9,7], [11,2], [5,1], [0,10], [10,0], [8,3]}, 4504ms, not valid, fitness = 2.0 (adj = 0, att = 2)

Level 13:
  Backtracking: {[3,4], [11,7], [5,9], [6,6], [0,8], [4,1], [7,3], [10,11], [2,2], [9,5], [8,10], [1,0]}, 1ms, valid
  PSO: {[3,4], [11,7], [5,9], [6,6], [0,8], [4,0], [7,3], [10,11], [4,2], [9,5], [8,10], [1,1]}, 4579ms, not valid, fitness = 1.0 (adj = 0, att = 1)

Level 14:
  Backtracking: {[0,11], [11,9], [9,10], [3,2], [5,8], [4,0], [6,6], [7,3], [1,1], [2,7], [10,4], [8,5]}, 1ms, valid
  PSO: {[0,11], [11,9], [9,10], [3,2], [0,4], [4,0], [5,5], [7,0], [1,1], [2,8], [10,6], [6,7]}, 4460ms, not valid, fitness = 2.0 (adj = 0, att = 2)

Level 15:
  Backtracking: {[3,7], [11,11], [7,3], [5,9], [0,4], [9,1], [6,5], [10,8], [1,6], [2,2], [8,10], [4,0]}, 0ms, valid
  PSO: {[3,8], [11,11], [7,3], [5,9], [0,4], [9,1], [6,7], [10,8], [1,6], [4,5], [8,10], [6,0]}, 4421ms, not valid, fitness = 2.0 (adj = 0, att = 2)

Level 16:
  Backtracking: {[6,7], [11,4], [7,5], [0,8], [1,11], [4,6], [5,10], [10,1], [3,2], [9,3], [8,0], [2,9]}, 0ms, valid
  PSO: {[6,7], [11,4], [7,2], [0,3], [1,11], [5,5], [9,9], [10,1], [3,1], [10,6], [8,0], [4,10]}, 4425ms, not valid, fitness = 2.0 (adj = 0, att = 2)

Level 17:
  Backtracking: {[2,5], [9,1], [6,7], [5,9], [3,10], [4,3], [8,4], [10,11], [0,6], [1,8], [7,2], [11,0]}, 1ms, valid
  PSO: {[2,5], [9,3], [6,7], [8,10], [3,9], [4,3], [7,4], [11,8], [0,0], [1,8], [7,2], [10,1]}, 4480ms, not valid, fitness = 3.0 (adj = 0, att = 3)

Level 18:
  Backtracking: {[7,2], [5,6], [2,10], [3,5], [0,0], [4,3], [6,8], [10,9], [9,1], [1,4], [8,7], [11,11]}, 6ms, valid
  PSO: {[4,1], [5,6], [2,10], [11,4], [0,0], [6,3], [7,7], [10,8], [11,2], [1,3], [9,5], [8,9]}, 4493ms, not valid, fitness = 2.0 (adj = 0, att = 2)

Level 19:
  Backtracking: {[2,1], [9,10], [4,8], [5,4], [3,3], [6,6], [7,11], [0,5], [10,2], [1,9], [11,0], [8,7]}, 1ms, valid
  PSO: {[1,1], [10,8], [6,10], [7,3], [2,4], [4,6], [9,11], [0,5], [10,2], [3,11], [11,0], [8,7]}, 4537ms, not valid, fitness = 2.0 (adj = 0, att = 2)

Level 20:
  Backtracking: {[2,3], [11,6], [5,4], [6,9], [1,7], [3,5], [9,11], [8,2], [0,10], [7,0], [10,1], [4,8]}, 2ms, valid
  PSO: {[2,3], [11,6], [6,4], [6,9], [1,7], [3,5], [8,11], [8,2], [0,10], [7,0], [10,1], [4,8]}, 4546ms, not valid, fitness = 2.0 (adj = 0, att = 2)

Level 21:
  Backtracking: {[2,8], [5,2], [6,0], [3,5], [0,1], [4,10], [7,3], [11,6], [1,4], [10,9], [9,11], [8,7]}, 2ms, valid
  PSO: {[1,10], [6,5], [3,0], [4,8], [0,0], [5,11], [7,3], [11,6], [2,4], [10,9], [9,11], [8,7]}, 4405ms, not valid, fitness = 2.0 (adj = 0, att = 2)

Level 22:
  Backtracking: {[4,2], [11,8], [5,4], [2,0], [0,11], [3,10], [8,5], [6,9], [1,3], [9,1], [10,6], [7,7]}, 0ms, valid
  PSO: {[5,1], [11,8], [6,11], [2,1], [3,4], [4,10], [8,5], [6,9], [1,3], [10,0], [10,6], [7,7]}, 4430ms, not valid, fitness = 3.0 (adj = 0, att = 3)

Level 23:
  Backtracking: {[5,0], [6,4], [0,9], [3,7], [1,5], [4,2], [8,3], [9,11], [10,6], [2,10], [11,1], [7,8]}, 4ms, valid
  PSO: {[3,0], [5,4], [2,8], [0,7], [2,5], [4,2], [8,3], [9,11], [11,10], [1,10], [7,1], [6,9]}, 4499ms, not valid, fitness = 2.0 (adj = 0, att = 2)

Level 24:
  Backtracking: {[3,3], [11,5], [5,4], [4,0], [0,2], [7,6], [6,8], [10,11], [1,10], [2,1], [8,9], [9,7]}, 13ms, valid
  PSO: {[3,5], [11,7], [6,4], [4,0], [1,3], [5,6], [7,10], [9,11], [0,11], [2,1], [10,9], [8,8]}, 4431ms, not valid, fitness = 1.0 (adj = 0, att = 1)

Level 25:
  Backtracking: {[3,11], [10,5], [6,0], [4,9], [2,8], [0,6], [9,3], [1,4], [11,2], [5,7], [7,10], [8,1]}, 1ms, valid
  PSO: {[1,9], [11,4], [10,0], [3,8], [2,6], [0,5], [9,3], [5,1], [11,2], [6,7], [8,11], [7,1]}, 4431ms, not valid, fitness = 2.0 (adj = 0, att = 2)

Level 26:
  Backtracking: {[3,0], [9,7], [4,3], [11,1], [1,4], [5,9], [6,11], [8,5], [0,6], [2,2], [10,10], [7,8]}, 3ms, valid
  PSO: {[0,1], [9,7], [4,3], [11,0], [0,4], [5,9], [6,11], [8,5], [1,10], [2,5], [10,11], [7,8]}, 4480ms, not valid, fitness = 3.0 (adj = 0, att = 3)

Level 27:
  Backtracking: {[4,6], [11,11], [6,4], [5,0], [1,1], [2,7], [9,9], [10,5], [0,8], [3,3], [7,10], [8,2]}, 1ms, valid
  PSO: {[5,6], [10,10], [6,4], [9,0], [0,5], [3,10], [8,9], [11,7], [1,8], [4,3], [7,11], [8,2]}, 4456ms, not valid, fitness = 2.0 (adj = 0, att = 2)

Level 28:
  Backtracking: {[2,1], [11,10], [6,8], [5,0], [0,9], [4,2], [7,6], [10,3], [3,11], [8,4], [9,7], [1,5]}, 2ms, valid
  PSO: {[2,2], [11,10], [5,3], [6,0], [0,7], [4,1], [9,8], [10,2], [3,11], [8,4], [9,6], [1,5]}, 4400ms, not valid, fitness = 2.0 (adj = 0, att = 2)

Level 29:
  Backtracking: {[1,10], [5,1], [4,3], [3,0], [0,5], [11,8], [6,6], [9,9], [2,7], [7,4], [8,2], [10,11]}, 1ms, valid
  PSO: {[1,10], [5,1], [4,4], [3,0], [0,2], [11,8], [6,6], [9,6], [2,7], [7,3], [8,1], [10,11]}, 4656ms, not valid, fitness = 2.0 (adj = 0, att = 2)

Level 30:
  Backtracking: {[5,9], [11,7], [4,2], [6,5], [1,1], [3,0], [8,6], [2,3], [9,8], [0,4], [7,10], [10,11]}, 1ms, valid
  PSO: {[2,9], [11,10], [4,2], [5,6], [1,1], [3,0], [7,5], [2,3], [9,8], [0,4], [6,10], [8,11]}, 4369ms, not valid, fitness = 2.0 (adj = 0, att = 2)

Level 31:
  Backtracking: {[5,10], [6,4], [4,6], [2,2], [0,8], [3,9], [7,11], [9,7], [1,0], [11,3], [8,5], [10,1]}, 0ms, valid
  PSO: {[2,7], [7,3], [5,6], [4,1], [1,11], [3,9], [6,10], [9,7], [0,4], [11,6], [8,5], [10,2]}, 4608ms, not valid, fitness = 2.0 (adj = 0, att = 2)

Level 32:
  Backtracking: {[1,9], [5,6], [6,2], [2,1], [0,7], [3,11], [7,0], [10,5], [4,4], [11,8], [9,10], [8,3]}, 4ms, valid
  PSO: {[3,9], [5,5], [6,2], [2,3], [1,7], [7,11], [10,0], [11,4], [4,0], [11,8], [9,10], [8,1]}, 4538ms, not valid, fitness = 2.0 (adj = 0, att = 2)

Level 33:
  Backtracking: {[3,6], [11,11], [7,3], [2,2], [0,1], [4,0], [6,7], [10,5], [1,4], [5,9], [9,8], [8,10]}, 1ms, valid
  PSO: {[4,9], [11,11], [8,5], [5,2], [1,7], [8,0], [6,8], [11,4], [3,3], [7,10], [10,6], [9,10]}, 4379ms, not valid, fitness = 3.0 (adj = 0, att = 3)

Level 34:
  Backtracking: {[3,9], [11,6], [5,2], [0,10], [2,4], [4,11], [8,1], [10,0], [6,7], [1,8], [7,5], [9,3]}, 0ms, valid
  PSO: {[3,9], [11,6], [5,2], [0,8], [4,4], [7,11], [8,1], [11,0], [6,4], [2,7], [9,10], [10,3]}, 4442ms, not valid, fitness = 2.0 (adj = 0, att = 2)

Level 35:
  Backtracking: {[3,11], [10,6], [9,8], [4,5], [0,1], [5,3], [8,10], [1,7], [7,2], [2,9], [11,4], [6,0]}, 1ms, valid
  PSO: {[3,10], [10,6], [9,8], [4,5], [0,9], [6,4], [8,11], [1,7], [7,2], [5,10], [10,3], [11,1]}, 4599ms, not valid, fitness = 2.0 (adj = 0, att = 2)

Level 36:
  Backtracking: {[4,11], [6,4], [5,0], [2,3], [1,6], [3,1], [9,5], [8,8], [11,2], [0,9], [7,10], [10,7]}, 0ms, valid
  PSO: {[4,11], [6,4], [9,0], [5,7], [0,6], [3,1], [9,5], [10,11], [11,2], [2,9], [8,10], [7,8]}, 4500ms, not valid, fitness = 2.0 (adj = 0, att = 2)

Level 37:
  Backtracking: {[0,10], [11,6], [4,11], [3,5], [1,3], [8,0], [9,9], [5,4], [6,2], [2,7], [10,1], [7,8]}, 0ms, valid
  PSO: {[0,10], [11,8], [3,11], [0,7], [1,3], [4,0], [9,11], [5,5], [6,2], [2,6], [8,4], [7,9]}, 4448ms, not valid, fitness = 2.0 (adj = 0, att = 2)

Level 38:
  Backtracking: {[2,6], [11,2], [5,10], [6,8], [1,0], [10,5], [9,3], [7,11], [4,1], [0,7], [8,9], [3,4]}, 1ms, valid
  PSO: {[2,6], [11,1], [7,9], [5,8], [0,0], [9,5], [11,3], [8,11], [6,2], [4,10], [10,7], [2,4]}, 4459ms, not valid, fitness = 2.0 (adj = 0, att = 2)

Level 39:
  Backtracking: {[3,5], [9,10], [5,4], [7,7], [0,0], [4,2], [6,11], [10,6], [1,3], [11,8], [8,1], [2,9]}, 1ms, valid
  PSO: {[3,5], [11,10], [6,6], [5,8], [0,0], [4,2], [8,11], [10,7], [2,1], [9,9], [7,4], [3,9]}, 4409ms, not valid, fitness = 2.0 (adj = 0, att = 2)

Level 40:
  Backtracking: {[4,3], [8,6], [5,9], [6,5], [0,8], [3,1], [1,2], [10,0], [11,7], [2,4], [9,10], [7,11]}, 1ms, valid
  PSO: {[4,2], [7,6], [5,11], [9,5], [0,10], [6,3], [1,1], [11,0], [11,7], [2,8], [10,9], [8,10]}, 4417ms, not valid, fitness = 2.0 (adj = 0, att = 2)

Level 41:
  Backtracking: {[3,2], [11,8], [4,7], [2,10], [1,4], [5,9], [7,3], [9,1], [6,0], [0,11], [10,6], [8,5]}, 0ms, valid
  PSO: {[3,1], [10,9], [4,8], [2,11], [1,7], [7,10], [6,3], [11,1], [5,0], [0,11], [9,6], [8,2]}, 4487ms, not valid, fitness = 2.0 (adj = 0, att = 2)

Level 42:
  Backtracking: {[6,8], [9,9], [4,4], [3,2], [0,6], [5,0], [7,10], [11,3], [1,1], [2,11], [10,5], [8,7]}, 0ms, valid
  PSO: {[6,8], [10,11], [4,4], [3,2], [0,6], [5,0], [2,10], [11,3], [1,1], [2,7], [9,3], [7,4]}, 4360ms, not valid, fitness = 3.0 (adj = 0, att = 3)

Level 43:
  Backtracking: {[6,1], [11,2], [5,5], [2,11], [0,0], [9,4], [4,10], [10,6], [1,3], [3,8], [8,7], [7,9]}, 1ms, valid
  PSO: {[7,0], [11,1], [3,7], [2,11], [0,0], [8,6], [4,11], [10,8], [1,3], [5,9], [9,10], [6,5]}, 4505ms, not valid, fitness = 2.0 (adj = 0, att = 2)

Level 44:
  Backtracking: {[3,4], [11,11], [9,6], [5,2], [0,5], [4,10], [6,7], [7,9], [2,0], [10,8], [8,1], [1,3]}, 1ms, valid
  PSO: {[4,3], [11,11], [10,7], [11,5], [3,6], [5,10], [6,8], [7,10], [1,4], [9,9], [8,1], [2,2]}, 4479ms, not valid, fitness = 2.0 (adj = 0, att = 2)

Level 45:
  Backtracking: {[1,9], [11,0], [8,10], [3,2], [0,6], [4,11], [5,1], [2,5], [10,3], [6,7], [7,4], [9,8]}, 0ms, valid
  PSO: {[1,10], [11,0], [6,9], [2,2], [0,6], [5,11], [6,1], [4,0], [10,3], [3,7], [7,4], [9,5]}, 4266ms, not valid, fitness = 2.0 (adj = 0, att = 2)

Level 46:
  Backtracking: {[1,9], [11,2], [8,3], [5,1], [0,11], [4,10], [7,7], [6,4], [3,8], [2,5], [9,6], [10,0]}, 0ms, valid
  PSO: {[1,7], [11,2], [8,3], [7,1], [2,10], [5,11], [6,6], [6,4], [4,8], [3,4], [9,5], [10,0]}, 4434ms, not valid, fitness = 2.0 (adj = 0, att = 2)

Level 47:
  Backtracking: {[2,6], [7,5], [5,1], [4,11], [0,7], [6,9], [8,10], [10,0], [1,4], [3,8], [11,3], [9,2]}, 1ms, valid
  PSO: {[5,8], [9,5], [7,4], [4,11], [0,6], [6,10], [8,11], [10,0], [3,1], [1,9], [11,3], [9,2]}, 4452ms, not valid, fitness = 2.0 (adj = 0, att = 2)

Level 48:
  Backtracking: {[6,3], [11,9], [3,4], [2,6], [1,1], [4,7], [7,11], [10,2], [0,5], [5,10], [8,8], [9,0]}, 1ms, valid
  PSO: {[6,0], [11,9], [2,5], [1,8], [3,1], [4,7], [7,11], [10,4], [0,6], [5,10], [9,9], [8,3]}, 4476ms, not valid, fitness = 1.0 (adj = 0, att = 1)

Level 49:
  Backtracking: {[8,5], [11,8], [5,3], [4,0], [0,10], [10,1], [6,6], [1,2], [7,11], [2,4], [9,7], [3,9]}, 1ms, valid
  PSO: {[5,5], [11,8], [8,3], [4,0], [0,10], [10,1], [6,7], [1,2], [7,11], [1,6], [9,10], [3,9]}, 4265ms, not valid, fitness = 2.0 (adj = 0, att = 2)

Level 50:
  Backtracking: {[3,4], [11,10], [4,11], [2,1], [0,7], [6,9], [5,5], [7,2], [9,6], [1,3], [10,8], [8,0]}, 1ms, valid
  PSO: {[4,7], [11,10], [5,11], [0,0], [0,8], [3,10], [6,5], [7,2], [10,6], [1,3], [8,9], [9,4]}, 4305ms, not valid, fitness = 2.0 (adj = 0, att = 2)

