======= 11x11 | Batch 3 =======
Level 101:
  Backtracking: {[2,6], [8,9], [3,10], [4,3], [6,8], [0,5], [9,7], [10,2], [7,4], [1,1], [5,0]}, 1ms, valid
  PSO: {[2,6], [8,9], [4,10], [5,3], [6,8], [0,2], [9,7], [10,2], [7,4], [3,1], [5,0]}, 4142ms, not valid, fitness = 2.0 (adj = 0, att = 2)

Level 102:
  Backtracking: {[5,1], [8,10], [7,8], [1,2], [6,3], [2,4], [9,6], [4,9], [10,0], [0,5], [3,7]}, 1ms, valid
  PSO: {[6,0], [8,10], [7,7], [4,4], [9,5], [2,3], [10,9], [5,10], [7,2], [1,6], [3,8]}, 4105ms, not valid, fitness = 2.0 (adj = 0, att = 2)

Level 103:
  Backtracking: {[3,0], [9,2], [4,10], [1,4], [6,7], [2,6], [8,8], [7,5], [10,9], [0,1], [5,3]}, 0ms, valid
  PSO: {[4,0], [10,6], [5,10], [2,2], [6,7], [1,9], [9,8], [8,5], [7,9], [0,3], [3,4]}, 4161ms, not valid, fitness = 1.0 (adj = 0, att = 1)

Level 104:
  Backtracking: {[10,9], [6,6], [4,1], [1,8], [5,3], [0,5], [3,4], [9,2], [7,10], [2,0], [8,7]}, 0ms, valid
  PSO: {[10,9], [5,6], [6,4], [1,8], [5,2], [3,6], [2,3], [9,0], [8,10], [0,1], [7,7]}, 4097ms, not valid, fitness = 2.0 (adj = 0, att = 2)

Level 105:
  Backtracking: {[6,6], [9,7], [10,4], [2,0], [4,10], [0,1], [7,9], [5,8], [8,2], [1,3], [3,5]}, 0ms, valid
  PSO: {[8,6], [9,10], [6,5], [2,0], [5,10], [0,1], [7,9], [5,8], [10,3], [4,4], [3,7]}, 4142ms, not valid, fitness = 2.0 (adj = 0, att = 2)

Level 106:
  Backtracking: {[4,3], [10,5], [5,9], [2,7], [6,6], [0,4], [8,8], [7,10], [9,2], [1,0], [3,1]}, 0ms, valid
  PSO: {[8,0], [10,7], [5,9], [4,4], [6,6], [2,5], [8,8], [7,10], [6,3], [1,2], [3,1]}, 4109ms, not valid, fitness = 2.0 (adj = 0, att = 2)

Level 107:
  Backtracking: {[2,3], [10,5], [7,9], [8,7], [4,8], [0,2], [3,0], [9,1], [5,10], [6,4], [1,6]}, 0ms, valid
  PSO: {[1,3], [10,6], [7,9], [8,7], [3,10], [4,5], [2,0], [9,1], [5,10], [6,4], [0,8]}, 4056ms, not valid, fitness = 1.0 (adj = 0, att = 1)

Level 108:
  Backtracking: {[4,9], [10,6], [6,10], [2,1], [7,5], [1,8], [9,4], [5,0], [8,7], [0,2], [3,3]}, 0ms, valid
  PSO: {[4,9], [10,5], [6,10], [2,1], [7,8], [1,7], [10,2], [5,0], [8,6], [0,3], [3,4]}, 4173ms, not valid, fitness = 1.0 (adj = 0, att = 1)

Level 109:
  Backtracking: {[7,8], [9,5], [4,9], [2,4], [5,7], [1,1], [10,0], [8,10], [6,3], [0,6], [3,2]}, 1ms, valid
  PSO: {[7,8], [9,5], [4,9], [1,4], [4,6], [0,1], [10,0], [8,10], [6,3], [0,7], [2,2]}, 4069ms, not valid, fitness = 2.0 (adj = 0, att = 2)

Level 110:
  Backtracking: {[3,2], [10,6], [6,5], [2,10], [4,4], [0,8], [8,7], [9,9], [7,0], [1,3], [5,1]}, 2ms, valid
  PSO: {[3,2], [9,7], [6,6], [2,10], [5,3], [0,10], [8,9], [10,9], [7,4], [1,8], [4,0]}, 4149ms, not valid, fitness = 2.0 (adj = 0, att = 2)

Level 111:
  Backtracking: {[4,8], [9,3], [10,0], [3,2], [5,5], [2,9], [7,6], [8,1], [6,10], [0,4], [1,7]}, 0ms, valid
  PSO: {[3,9], [9,3], [7,0], [4,1], [5,6], [0,10], [7,7], [6,4], [8,10], [2,5], [1,8]}, 4210ms, not valid, fitness = 2.0 (adj = 0, att = 2)

Level 112:
  Backtracking: {[8,5], [9,1], [6,10], [2,9], [5,4], [1,7], [10,6], [7,8], [3,0], [0,3], [4,2]}, 1ms, valid
  PSO: {[8,5], [10,0], [6,10], [2,9], [5,4], [3,7], [10,6], [7,8], [9,3], [0,0], [4,2]}, 4078ms, not valid, fitness = 2.0 (adj = 0, att = 2)

Level 113:
  Backtracking: {[4,6], [10,0], [6,5], [2,1], [5,8], [8,4], [1,9], [9,2], [7,10], [0,7], [3,3]}, 0ms, valid
  PSO: {[6,7], [10,0], [6,5], [5,3], [4,8], [8,5], [1,9], [9,2], [7,10], [2,6], [3,4]}, 4226ms, not valid, fitness = 2.0 (adj = 0, att = 2)

Level 114:
  Backtracking: {[5,7], [10,10], [7,9], [2,2], [6,0], [1,6], [9,3], [3,8], [8,1], [0,4], [4,5]}, 0ms, valid
  PSO: {[6,6], [9,10], [7,9], [5,0], [10,5], [1,7], [9,3], [3,8], [8,1], [0,2], [6,4]}, 4133ms, not valid, fitness = 2.0 (adj = 0, att = 2)

Level 115:
  Backtracking: {[8,3], [10,5], [6,4], [4,6], [5,9], [1,10], [9,0], [3,2], [7,1], [0,8], [2,7]}, 0ms, valid
  PSO: {[8,3], [10,5], [6,4], [2,2], [5,8], [4,10], [9,0], [1,0], [7,1], [0,9], [3,7]}, 4049ms, not valid, fitness = 1.0 (adj = 0, att = 1)

Level 116:
  Backtracking: {[2,3], [8,10], [5,9], [0,6], [9,8], [1,1], [6,5], [10,2], [7,7], [4,4], [3,0]}, 0ms, valid
  PSO: {[2,3], [10,9], [6,6], [0,10], [7,2], [1,1], [8,5], [9,0], [8,7], [5,4], [3,0]}, 3971ms, not valid, fitness = 2.0 (adj = 0, att = 2)

Level 117:
  Backtracking: {[2,3], [10,8], [7,7], [0,6], [5,2], [3,10], [6,5], [8,9], [4,4], [1,1], [9,0]}, 0ms, valid
  PSO: {[2,3], [10,9], [5,8], [2,7], [7,5], [1,10], [9,6], [8,9], [4,4], [0,2], [6,1]}, 4152ms, not valid, fitness = 2.0 (adj = 0, att = 2)

Level 118:
  Backtracking: {[1,8], [7,10], [6,2], [10,6], [3,3], [8,7], [2,0], [9,4], [5,9], [0,5], [4,1]}, 0ms, valid
  PSO: {[1,8], [8,10], [6,2], [5,7], [3,3], [7,8], [2,0], [10,4], [4,9], [0,5], [4,1]}, 4064ms, not valid, fitness = 2.0 (adj = 0, att = 2)

Level 119:
  Backtracking: {[3,9], [10,2], [7,10], [2,1], [5,7], [1,3], [9,8], [8,6], [6,0], [0,5], [4,4]}, 0ms, valid
  PSO: {[3,10], [10,1], [8,10], [7,4], [5,7], [2,2], [9,8], [9,5], [6,0], [0,6], [4,3]}, 4059ms, not valid, fitness = 2.0 (adj = 0, att = 2)

Level 120:
  Backtracking: {[5,3], [10,10], [6,6], [3,4], [4,9], [1,7], [9,5], [8,8], [7,0], [0,2], [2,1]}, 0ms, valid
  PSO: {[5,4], [10,10], [7,6], [2,8], [6,9], [0,7], [9,5], [10,8], [8,1], [3,2], [4,0]}, 4041ms, not valid, fitness = 2.0 (adj = 0, att = 2)

Level 121:
  Backtracking: {[5,1], [8,2], [6,5], [2,8], [4,10], [1,6], [10,9], [9,7], [7,0], [0,4], [3,3]}, 1ms, valid
  PSO: {[3,1], [10,0], [5,7], [0,9], [2,10], [1,6], [8,8], [9,6], [7,3], [0,4], [4,5]}, 4048ms, not valid, fitness = 2.0 (adj = 0, att = 2)

Level 122:
  Backtracking: {[4,5], [8,7], [6,8], [3,0], [5,1], [0,10], [10,6], [9,9], [7,3], [1,4], [2,2]}, 0ms, valid
  PSO: {[4,5], [8,7], [7,9], [2,0], [6,2], [0,8], [10,6], [9,9], [9,4], [1,10], [3,3]}, 4144ms, not valid, fitness = 2.0 (adj = 0, att = 2)

Level 123:
  Backtracking: {[5,6], [10,7], [6,9], [3,2], [4,4], [2,5], [9,3], [7,1], [8,8], [0,0], [1,10]}, 0ms, valid
  PSO: {[5,6], [10,7], [6,9], [4,3], [7,5], [3,8], [10,4], [9,1], [8,8], [0,0], [1,10]}, 4083ms, not valid, fitness = 2.0 (adj = 0, att = 2)

Level 124:
  Backtracking: {[4,5], [10,3], [6,1], [1,4], [5,9], [0,6], [9,0], [8,8], [7,10], [3,2], [2,7]}, 0ms, valid
  PSO: {[4,6], [10,3], [8,4], [1,5], [5,9], [0,10], [9,1], [10,8], [7,10], [3,2], [2,7]}, 4146ms, not valid, fitness = 2.0 (adj = 0, att = 2)

Level 125:
  Backtracking: {[3,8], [9,6], [6,7], [2,3], [4,5], [0,4], [7,1], [10,0], [8,10], [5,2], [1,9]}, 0ms, valid
  PSO: {[4,8], [9,6], [6,7], [2,3], [7,5], [0,4], [7,1], [10,0], [8,10], [5,2], [1,9]}, 4091ms, not valid, fitness = 1.0 (adj = 0, att = 1)

Level 126:
  Backtracking: {[1,9], [10,10], [7,8], [2,3], [5,7], [4,2], [8,5], [3,6], [6,0], [0,4], [9,1]}, 2ms, valid
  PSO: {[0,9], [9,10], [7,3], [3,2], [6,7], [5,1], [10,5], [4,4], [8,0], [2,8], [10,2]}, 4128ms, not valid, fitness = 2.0 (adj = 0, att = 2)

Level 127:
  Backtracking: {[7,2], [9,4], [6,5], [1,8], [3,7], [0,3], [8,6], [10,0], [4,9], [5,1], [2,10]}, 20ms, valid
  PSO: {[7,2], [9,5], [6,6], [0,7], [3,7], [1,4], [8,9], [10,3], [5,8], [4,1], [2,10]}, 4061ms, not valid, fitness = 1.0 (adj = 0, att = 1)

Level 128:
  Backtracking: {[5,8], [10,4], [6,5], [2,1], [3,10], [0,0], [7,3], [8,9], [9,2], [1,7], [4,6]}, 1ms, valid
  PSO: {[6,9], [10,5], [8,7], [2,1], [3,10], [4,0], [7,4], [8,9], [9,2], [1,8], [5,6]}, 4007ms, not valid, fitness = 2.0 (adj = 0, att = 2)

Level 129:
  Backtracking: {[6,7], [10,5], [7,3], [2,1], [5,0], [0,9], [9,10], [8,8], [4,2], [1,6], [3,4]}, 0ms, valid
  PSO: {[6,7], [10,5], [7,3], [3,2], [5,0], [0,9], [9,10], [8,8], [4,4], [1,6], [2,9]}, 4038ms, not valid, fitness = 1.0 (adj = 0, att = 1)

Level 130:
  Backtracking: {[10,9], [6,7], [4,3], [2,2], [5,10], [3,0], [8,1], [7,5], [9,6], [0,8], [1,4]}, 0ms, valid
  PSO: {[10,9], [7,8], [4,3], [2,2], [5,10], [3,0], [9,1], [6,6], [10,7], [0,9], [1,5]}, 4121ms, not valid, fitness = 2.0 (adj = 0, att = 2)

Level 131:
  Backtracking: {[2,9], [7,10], [6,8], [4,3], [5,6], [1,0], [10,1], [9,4], [8,7], [0,2], [3,5]}, 0ms, valid
  PSO: {[2,10], [8,9], [6,8], [7,2], [5,6], [4,0], [10,1], [9,4], [8,7], [1,3], [3,5]}, 4067ms, not valid, fitness = 1.0 (adj = 0, att = 1)

Level 132:
  Backtracking: {[4,8], [10,5], [5,10], [3,3], [6,6], [2,1], [7,2], [8,4], [9,9], [0,0], [1,7]}, 0ms, valid
  PSO: {[6,8], [10,7], [5,10], [4,2], [7,6], [1,1], [9,0], [8,4], [10,9], [0,3], [2,5]}, 4076ms, not valid, fitness = 1.0 (adj = 0, att = 1)

Level 133:
  Backtracking: {[4,10], [10,7], [6,5], [2,9], [8,1], [3,6], [9,4], [5,8], [7,3], [0,2], [1,0]}, 0ms, valid
  PSO: {[4,9], [10,7], [6,4], [2,9], [8,1], [0,10], [9,3], [7,8], [10,5], [1,2], [3,0]}, 4064ms, not valid, fitness = 2.0 (adj = 0, att = 2)

Level 134:
  Backtracking: {[4,3], [10,4], [6,5], [3,7], [5,1], [0,10], [7,0], [9,8], [2,9], [1,2], [8,6]}, 1ms, valid
  PSO: {[2,5], [10,4], [7,3], [3,7], [5,2], [1,10], [9,1], [10,6], [4,9], [0,0], [8,6]}, 4104ms, not valid, fitness = 2.0 (adj = 0, att = 2)

Level 135:
  Backtracking: {[7,5], [10,6], [6,8], [2,3], [5,1], [1,10], [9,9], [8,7], [4,4], [0,2], [3,0]}, 0ms, valid
  PSO: {[9,4], [10,7], [6,9], [2,3], [7,2], [1,8], [10,10], [8,6], [3,5], [0,1], [5,0]}, 4053ms, not valid, fitness = 1.0 (adj = 0, att = 1)

Level 136:
  Backtracking: {[3,7], [10,4], [5,6], [1,10], [8,0], [4,1], [9,2], [7,5], [6,9], [0,8], [2,3]}, 1ms, valid
  PSO: {[8,8], [10,4], [9,6], [1,10], [6,1], [4,0], [9,2], [7,5], [6,9], [2,7], [0,3]}, 3965ms, not valid, fitness = 2.0 (adj = 0, att = 2)

Level 137:
  Backtracking: {[4,2], [10,8], [7,7], [3,0], [5,4], [1,6], [9,10], [8,5], [6,9], [0,1], [2,3]}, 2ms, valid
  PSO: {[1,2], [10,8], [6,7], [4,1], [8,3], [2,9], [9,10], [8,6], [7,10], [0,0], [3,4]}, 3916ms, not valid, fitness = 2.0 (adj = 0, att = 2)

Level 138:
  Backtracking: {[3,6], [10,9], [7,5], [5,3], [4,1], [1,8], [9,2], [8,7], [6,0], [0,10], [2,4]}, 1ms, valid
  PSO: {[3,8], [10,6], [7,5], [1,2], [4,1], [5,9], [10,3], [8,7], [6,0], [0,10], [2,4]}, 4058ms, not valid, fitness = 1.0 (adj = 0, att = 1)

Level 139:
  Backtracking: {[7,0], [10,6], [6,2], [1,10], [4,9], [2,3], [8,8], [9,1], [5,7], [0,4], [3,5]}, 0ms, valid
  PSO: {[7,0], [10,7], [8,2], [1,9], [5,10], [0,1], [9,5], [10,3], [6,8], [2,4], [3,6]}, 4095ms, not valid, fitness = 1.0 (adj = 0, att = 1)

Level 140:
  Backtracking: {[3,4], [10,8], [9,1], [1,10], [7,0], [4,7], [8,6], [6,5], [5,9], [0,3], [2,2]}, 0ms, valid
  PSO: {[3,4], [10,7], [9,0], [0,10], [4,1], [2,6], [7,8], [6,5], [5,9], [1,3], [4,6]}, 4075ms, not valid, fitness = 2.0 (adj = 0, att = 2)

Level 141:
  Backtracking: {[6,4], [9,3], [10,1], [3,6], [4,8], [1,2], [7,9], [8,5], [5,10], [0,7], [2,0]}, 0ms, valid
  PSO: {[6,5], [8,3], [10,4], [3,6], [4,8], [1,0], [7,9], [9,7], [5,10], [2,10], [5,1]}, 4118ms, not valid, fitness = 2.0 (adj = 0, att = 2)

Level 142:
  Backtracking: {[1,8], [10,3], [7,6], [5,4], [4,9], [2,5], [6,10], [3,7], [8,2], [0,1], [9,0]}, 0ms, valid
  PSO: {[1,8], [10,4], [8,9], [5,6], [4,9], [2,5], [6,10], [3,7], [7,2], [0,4], [9,1]}, 4129ms, not valid, fitness = 2.0 (adj = 0, att = 2)

Level 143:
  Backtracking: {[2,5], [10,1], [9,7], [7,0], [6,6], [0,10], [4,9], [8,2], [5,4], [1,8], [3,3]}, 15ms, valid
  PSO: {[1,6], [10,2], [8,8], [7,0], [4,7], [0,9], [5,10], [9,4], [6,5], [2,10], [3,3]}, 4018ms, not valid, fitness = 1.0 (adj = 0, att = 1)

Level 144:
  Backtracking: {[3,2], [10,3], [5,8], [6,4], [4,6], [2,0], [1,7], [9,10], [7,9], [8,1], [0,5]}, 0ms, valid
  PSO: {[4,1], [10,3], [5,7], [6,4], [2,10], [1,0], [0,8], [9,10], [7,9], [8,2], [3,6]}, 4052ms, not valid, fitness = 1.0 (adj = 0, att = 1)

Level 145:
  Backtracking: {[3,3], [8,0], [6,7], [4,6], [5,4], [0,8], [9,10], [10,5], [7,2], [1,1], [2,9]}, 0ms, valid
  PSO: {[3,3], [7,0], [8,8], [4,6], [6,4], [0,7], [9,10], [10,5], [7,2], [2,1], [5,9]}, 4040ms, not valid, fitness = 1.0 (adj = 0, att = 1)

Level 146:
  Backtracking: {[6,1], [8,9], [10,3], [4,0], [3,8], [0,10], [9,7], [1,4], [5,5], [2,2], [7,6]}, 2ms, valid
  PSO: {[6,2], [9,9], [4,4], [5,0], [3,9], [0,10], [8,7], [1,8], [7,5], [2,3], [10,6]}, 4055ms, not valid, fitness = 1.0 (adj = 0, att = 1)

Level 147:
  Backtracking: {[4,1], [9,8], [6,6], [2,7], [7,2], [3,3], [8,5], [10,4], [5,9], [0,0], [1,10]}, 1ms, valid
  PSO: {[5,2], [10,8], [6,7], [0,8], [9,3], [4,4], [8,5], [10,6], [7,9], [3,1], [2,10]}, 3965ms, not valid, fitness = 2.0 (adj = 0, att = 2)

Level 148:
  Backtracking: {[3,3], [9,4], [6,10], [1,0], [5,7], [7,1], [10,2], [2,9], [8,6], [0,8], [4,5]}, 0ms, valid
  PSO: {[5,1], [9,4], [7,10], [2,3], [6,7], [8,0], [10,2], [1,9], [10,8], [0,5], [4,6]}, 4093ms, not valid, fitness = 1.0 (adj = 0, att = 1)

Level 149:
  Backtracking: {[4,7], [9,3], [7,5], [2,6], [5,10], [1,4], [10,1], [8,0], [6,8], [0,2], [3,9]}, 0ms, valid
  PSO: {[6,7], [10,6], [5,5], [1,8], [5,10], [2,4], [8,2], [9,0], [7,9], [0,3], [3,8]}, 4113ms, not valid, fitness = 2.0 (adj = 0, att = 2)

Level 150:
  Backtracking: {[3,0], [9,8], [6,4], [0,3], [4,9], [1,1], [7,7], [2,10], [8,5], [10,6], [5,2]}, 0ms, valid
  PSO: {[3,0], [10,9], [7,5], [2,7], [6,10], [1,1], [8,10], [4,8], [9,4], [9,6], [5,3]}, 4056ms, not valid, fitness = 2.0 (adj = 0, att = 2)

