======= 11x11 | Batch 5 =======
Level 201:
  Backtracking: {[3,7], [9,0], [4,4], [1,1], [8,9], [7,2], [6,8], [10,6], [5,10], [0,5], [2,3]}, 3ms, valid
  PSO: {[2,7], [8,0], [5,5], [1,1], [4,9], [7,2], [7,8], [10,6], [6,10], [0,8], [3,4]}, 4081ms, not valid, fitness = 2.0 (adj = 0, att = 2)

Level 202:
  Backtracking: {[4,10], [9,7], [7,9], [5,1], [6,3], [0,5], [10,2], [1,8], [3,4], [8,0], [2,6]}, 0ms, valid
  PSO: {[5,10], [9,7], [7,9], [5,1], [6,3], [0,0], [10,2], [1,5], [3,4], [8,3], [4,6]}, 3969ms, not valid, fitness = 2.0 (adj = 0, att = 2)

Level 203:
  Backtracking: {[5,1], [10,9], [6,7], [2,2], [9,4], [1,5], [8,10], [4,8], [7,0], [0,3], [3,6]}, 1ms, valid
  PSO: {[6,3], [10,9], [8,7], [2,2], [10,1], [5,6], [8,10], [4,8], [7,0], [1,4], [3,5]}, 3977ms, not valid, fitness = 2.0 (adj = 0, att = 2)

Level 204:
  Backtracking: {[4,2], [7,10], [6,6], [2,3], [5,0], [1,7], [10,9], [8,8], [9,1], [0,4], [3,5]}, 0ms, valid
  PSO: {[8,4], [7,10], [6,6], [3,3], [5,1], [0,8], [10,9], [10,6], [9,2], [1,0], [4,5]}, 4057ms, not valid, fitness = 2.0 (adj = 0, att = 2)

Level 205:
  Backtracking: {[4,4], [7,3], [6,5], [2,6], [3,10], [5,8], [9,7], [10,1], [8,9], [0,2], [1,0]}, 0ms, valid
  PSO: {[4,4], [8,5], [6,4], [3,9], [5,10], [5,8], [10,6], [9,3], [7,7], [0,2], [2,0]}, 4224ms, not valid, fitness = 2.0 (adj = 0, att = 2)

Level 206:
  Backtracking: {[4,2], [9,6], [5,0], [1,1], [7,10], [2,9], [8,8], [10,3], [6,5], [0,4], [3,7]}, 1ms, valid
  PSO: {[5,2], [8,7], [6,0], [0,1], [7,9], [2,10], [10,9], [9,3], [9,5], [1,8], [3,6]}, 4122ms, not valid, fitness = 2.0 (adj = 0, att = 2)

Level 207:
  Backtracking: {[3,10], [10,0], [5,2], [0,4], [6,6], [9,9], [8,1], [2,3], [7,8], [1,7], [4,5]}, 1ms, valid
  PSO: {[5,10], [10,0], [6,3], [2,4], [5,6], [9,9], [8,1], [1,2], [7,8], [0,7], [7,5]}, 4106ms, not valid, fitness = 2.0 (adj = 0, att = 2)

Level 208:
  Backtracking: {[5,9], [10,8], [6,1], [1,2], [3,10], [8,6], [9,4], [2,0], [4,7], [0,5], [7,3]}, 0ms, valid
  PSO: {[5,8], [10,9], [6,1], [3,6], [4,10], [9,2], [10,5], [1,4], [8,10], [0,7], [7,3]}, 4153ms, not valid, fitness = 2.0 (adj = 0, att = 2)

Level 209:
  Backtracking: {[4,7], [10,6], [3,9], [2,5], [6,4], [0,10], [9,0], [8,3], [7,8], [1,1], [5,2]}, 1ms, valid
  PSO: {[2,7], [10,5], [4,8], [1,5], [5,6], [0,9], [9,0], [7,4], [8,10], [0,2], [3,3]}, 4159ms, not valid, fitness = 2.0 (adj = 0, att = 2)

Level 210:
  Backtracking: {[5,2], [10,9], [6,0], [0,7], [4,6], [1,4], [7,8], [3,1], [8,3], [9,5], [2,10]}, 3ms, valid
  PSO: {[5,0], [10,9], [8,2], [1,6], [4,7], [3,5], [7,8], [0,3], [6,4], [9,6], [2,10]}, 4024ms, not valid, fitness = 1.0 (adj = 0, att = 1)

Level 211:
  Backtracking: {[3,1], [10,10], [6,6], [4,3], [5,0], [1,2], [9,5], [8,9], [7,4], [0,7], [2,8]}, 0ms, valid
  PSO: {[7,2], [10,10], [6,6], [3,4], [5,0], [1,3], [10,5], [8,9], [9,1], [0,7], [2,8]}, 4102ms, not valid, fitness = 1.0 (adj = 0, att = 1)

Level 212:
  Backtracking: {[4,5], [8,4], [6,0], [5,2], [2,10], [1,1], [9,7], [10,9], [7,6], [0,3], [3,8]}, 0ms, valid
  PSO: {[4,5], [9,1], [8,3], [5,2], [6,10], [2,0], [10,7], [10,9], [7,6], [0,4], [3,8]}, 4036ms, not valid, fitness = 1.0 (adj = 0, att = 1)

Level 213:
  Backtracking: {[5,3], [9,8], [6,6], [1,1], [4,7], [0,10], [10,4], [2,9], [7,0], [8,2], [3,5]}, 0ms, valid
  PSO: {[6,1], [9,7], [7,9], [3,0], [5,6], [1,10], [10,3], [2,8], [8,0], [8,2], [4,4]}, 4283ms, not valid, fitness = 2.0 (adj = 0, att = 2)

Level 214:
  Backtracking: {[4,2], [9,9], [6,3], [1,4], [8,5], [3,8], [10,6], [5,0], [7,7], [0,1], [2,10]}, 0ms, valid
  PSO: {[6,2], [10,9], [5,4], [3,5], [8,5], [4,8], [10,6], [9,0], [7,7], [1,1], [2,10]}, 4088ms, not valid, fitness = 2.0 (adj = 0, att = 2)

Level 215:
  Backtracking: {[3,7], [10,8], [8,5], [2,9], [7,0], [1,3], [9,2], [6,6], [5,4], [0,1], [4,10]}, 0ms, valid
  PSO: {[4,5], [10,9], [8,4], [4,8], [9,0], [2,2], [7,1], [6,7], [5,3], [0,0], [3,10]}, 4012ms, not valid, fitness = 2.0 (adj = 0, att = 2)

Level 216:
  Backtracking: {[9,0], [10,4], [2,7], [7,1], [3,9], [0,8], [4,2], [8,5], [6,3], [5,6], [1,10]}, 0ms, valid
  PSO: {[9,3], [10,5], [2,7], [7,1], [3,9], [0,7], [4,2], [8,6], [6,4], [5,8], [1,10]}, 4000ms, not valid, fitness = 1.0 (adj = 0, att = 1)

Level 217:
  Backtracking: {[5,0], [6,5], [9,1], [1,8], [3,9], [0,10], [10,3], [8,4], [7,7], [2,2], [4,6]}, 1ms, valid
  PSO: {[4,1], [9,6], [7,2], [1,8], [3,9], [0,10], [10,4], [8,4], [5,7], [1,0], [2,5]}, 4181ms, not valid, fitness = 2.0 (adj = 0, att = 2)

Level 218:
  Backtracking: {[3,5], [8,10], [6,3], [2,0], [9,7], [1,4], [0,6], [4,9], [10,2], [7,8], [5,1]}, 1ms, valid
  PSO: {[3,4], [10,10], [6,3], [8,0], [9,7], [2,9], [0,6], [4,8], [9,5], [7,7], [5,1]}, 4094ms, not valid, fitness = 2.0 (adj = 0, att = 2)

Level 219:
  Backtracking: {[5,6], [9,0], [6,4], [1,7], [4,10], [3,2], [8,3], [7,1], [10,8], [0,5], [2,9]}, 0ms, valid
  PSO: {[4,6], [9,0], [5,4], [1,7], [4,10], [6,0], [10,3], [8,2], [7,5], [0,1], [3,8]}, 4169ms, not valid, fitness = 2.0 (adj = 0, att = 2)

Level 220:
  Backtracking: {[4,2], [10,6], [7,1], [2,4], [3,9], [0,8], [6,3], [5,5], [9,0], [8,7], [1,10]}, 0ms, valid
  PSO: {[4,1], [10,2], [7,1], [2,4], [3,8], [0,7], [6,3], [5,5], [9,0], [8,6], [1,10]}, 3996ms, not valid, fitness = 1.0 (adj = 0, att = 1)

Level 221:
  Backtracking: {[4,8], [10,10], [6,2], [2,5], [5,0], [7,9], [9,3], [0,4], [8,6], [3,1], [1,7]}, 0ms, valid
  PSO: {[3,9], [10,10], [6,6], [2,5], [9,0], [7,9], [10,3], [0,4], [8,7], [4,2], [1,8]}, 4016ms, not valid, fitness = 2.0 (adj = 0, att = 2)

Level 222:
  Backtracking: {[3,6], [10,7], [5,8], [4,10], [7,2], [0,5], [9,1], [8,4], [2,9], [1,3], [6,0]}, 0ms, valid
  PSO: {[3,7], [9,8], [5,8], [4,10], [8,2], [0,6], [10,0], [7,4], [2,9], [3,5], [1,1]}, 4076ms, not valid, fitness = 2.0 (adj = 0, att = 2)

Level 223:
  Backtracking: {[4,10], [9,3], [7,9], [2,0], [5,2], [0,1], [8,7], [10,6], [6,5], [1,4], [3,8]}, 0ms, valid
  PSO: {[7,10], [9,5], [5,8], [2,0], [4,3], [0,1], [8,7], [10,7], [6,6], [1,4], [3,9]}, 4139ms, not valid, fitness = 1.0 (adj = 0, att = 1)

Level 224:
  Backtracking: {[2,8], [5,5], [7,7], [4,0], [8,2], [1,10], [6,3], [9,9], [0,4], [10,1], [3,6]}, 1ms, valid
  PSO: {[2,9], [5,6], [4,8], [7,0], [8,4], [0,10], [6,3], [9,8], [3,5], [10,10], [1,7]}, 4035ms, not valid, fitness = 2.0 (adj = 0, att = 2)

Level 225:
  Backtracking: {[4,6], [9,9], [6,10], [3,0], [5,8], [8,1], [10,3], [0,4], [7,5], [1,7], [2,2]}, 0ms, valid
  PSO: {[7,7], [9,9], [6,10], [4,0], [5,8], [8,1], [10,3], [0,6], [7,5], [1,4], [2,2]}, 4088ms, not valid, fitness = 1.0 (adj = 0, att = 1)

Level 226:
  Backtracking: {[2,7], [9,8], [7,3], [1,0], [6,5], [3,9], [8,10], [4,6], [5,2], [0,4], [10,1]}, 0ms, valid
  PSO: {[1,8], [10,9], [7,3], [3,1], [5,5], [5,7], [6,10], [9,6], [8,0], [0,4], [10,2]}, 4026ms, not valid, fitness = 2.0 (adj = 0, att = 2)

Level 227:
  Backtracking: {[4,9], [9,2], [7,3], [5,1], [3,7], [0,8], [10,0], [8,5], [6,10], [2,4], [1,6]}, 0ms, valid
  PSO: {[2,10], [9,2], [6,7], [4,1], [3,5], [0,8], [10,0], [7,0], [5,9], [3,3], [1,6]}, 4082ms, not valid, fitness = 2.0 (adj = 0, att = 2)

Level 228:
  Backtracking: {[5,1], [9,10], [6,7], [2,9], [4,5], [7,3], [10,4], [1,6], [8,8], [0,2], [3,0]}, 18ms, valid
  PSO: {[4,2], [10,10], [5,6], [2,9], [3,4], [8,3], [9,1], [1,7], [7,5], [0,0], [6,1]}, 3971ms, not valid, fitness = 1.0 (adj = 0, att = 1)

Level 229:
  Backtracking: {[5,5], [10,7], [9,1], [3,0], [6,9], [2,10], [8,6], [7,4], [4,3], [0,2], [1,8]}, 0ms, valid
  PSO: {[5,1], [10,4], [8,0], [0,6], [7,9], [2,10], [9,7], [6,3], [3,5], [0,2], [1,8]}, 4114ms, not valid, fitness = 1.0 (adj = 0, att = 1)

Level 230:
  Backtracking: {[4,9], [10,2], [6,4], [5,6], [7,7], [2,5], [9,10], [8,3], [1,8], [0,0], [3,1]}, 0ms, valid
  PSO: {[4,9], [10,2], [6,4], [5,7], [8,8], [4,5], [7,10], [9,6], [1,10], [0,3], [3,1]}, 4078ms, not valid, fitness = 2.0 (adj = 0, att = 2)

Level 231:
  Backtracking: {[4,6], [10,2], [7,7], [0,9], [6,3], [3,8], [9,0], [8,4], [1,5], [5,1], [2,10]}, 1ms, valid
  PSO: {[4,2], [9,3], [8,6], [0,9], [5,4], [2,8], [10,0], [7,4], [1,5], [6,1], [2,10]}, 4026ms, not valid, fitness = 2.0 (adj = 0, att = 2)

Level 232:
  Backtracking: {[6,0], [9,4], [5,3], [1,1], [4,9], [8,7], [2,10], [7,5], [10,8], [0,6], [3,2]}, 2ms, valid
  PSO: {[9,0], [10,4], [5,3], [0,2], [4,9], [8,7], [1,10], [7,5], [8,10], [2,8], [3,6]}, 4025ms, not valid, fitness = 2.0 (adj = 0, att = 2)

Level 233:
  Backtracking: {[5,7], [10,1], [6,10], [2,0], [4,4], [1,2], [9,6], [7,8], [0,5], [8,3], [3,9]}, 0ms, valid
  PSO: {[5,7], [10,1], [5,10], [2,0], [4,4], [1,2], [9,9], [7,8], [0,5], [8,6], [3,9]}, 4066ms, not valid, fitness = 2.0 (adj = 0, att = 2)

Level 234:
  Backtracking: {[6,6], [9,9], [5,10], [2,1], [4,4], [1,5], [8,3], [7,8], [10,2], [0,0], [3,7]}, 0ms, valid
  PSO: {[6,6], [9,9], [7,10], [5,1], [4,3], [0,7], [10,4], [8,5], [10,2], [1,0], [3,8]}, 4068ms, not valid, fitness = 1.0 (adj = 0, att = 1)

Level 235:
  Backtracking: {[7,5], [10,9], [4,3], [2,4], [5,6], [1,2], [6,0], [8,10], [9,7], [0,8], [3,1]}, 0ms, valid
  PSO: {[7,5], [10,9], [6,3], [2,4], [5,6], [1,1], [9,2], [8,10], [9,7], [0,8], [4,0]}, 4067ms, not valid, fitness = 1.0 (adj = 0, att = 1)

Level 236:
  Backtracking: {[3,0], [9,4], [8,2], [5,5], [4,8], [1,1], [6,9], [7,7], [10,10], [0,6], [2,3]}, 0ms, valid
  PSO: {[3,0], [9,4], [8,2], [6,5], [4,7], [5,1], [7,9], [10,6], [10,10], [0,8], [2,3]}, 4087ms, not valid, fitness = 1.0 (adj = 0, att = 1)

Level 237:
  Backtracking: {[1,10], [10,7], [5,3], [2,4], [6,1], [4,0], [8,6], [7,8], [9,9], [0,5], [3,2]}, 0ms, valid
  PSO: {[3,10], [10,7], [9,0], [0,3], [5,4], [4,1], [8,6], [7,8], [9,9], [1,5], [2,2]}, 4002ms, not valid, fitness = 1.0 (adj = 0, att = 1)

Level 238:
  Backtracking: {[3,9], [9,1], [7,4], [2,6], [5,10], [1,0], [10,3], [6,2], [8,8], [0,7], [4,5]}, 0ms, valid
  PSO: {[3,9], [9,1], [10,5], [2,7], [5,10], [1,0], [8,3], [6,2], [8,8], [0,10], [4,4]}, 4017ms, not valid, fitness = 2.0 (adj = 0, att = 2)

Level 239:
  Backtracking: {[0,10], [9,0], [5,5], [4,2], [2,6], [8,3], [6,7], [7,1], [10,4], [1,8], [3,9]}, 0ms, valid
  PSO: {[0,10], [9,3], [5,5], [4,2], [1,4], [2,0], [6,8], [7,1], [8,6], [0,7], [3,9]}, 4058ms, not valid, fitness = 1.0 (adj = 0, att = 1)

Level 240:
  Backtracking: {[5,9], [10,7], [8,8], [1,4], [4,3], [2,0], [9,5], [7,6], [6,2], [0,1], [3,10]}, 0ms, valid
  PSO: {[2,10], [10,8], [7,9], [3,4], [5,5], [9,3], [10,6], [8,7], [6,2], [1,1], [4,10]}, 4247ms, not valid, fitness = 2.0 (adj = 0, att = 2)

Level 241:
  Backtracking: {[1,9], [10,3], [7,4], [3,5], [5,8], [0,6], [9,7], [8,1], [6,10], [2,2], [4,0]}, 3ms, valid
  PSO: {[0,8], [10,4], [7,4], [4,3], [5,7], [1,1], [8,6], [9,0], [6,10], [2,5], [6,2]}, 4108ms, not valid, fitness = 2.0 (adj = 0, att = 2)

Level 242:
  Backtracking: {[4,3], [8,8], [5,9], [3,6], [6,2], [1,4], [10,7], [7,5], [9,10], [0,0], [2,1]}, 0ms, valid
  PSO: {[5,3], [8,8], [6,9], [3,6], [7,4], [0,9], [10,7], [10,5], [9,10], [1,0], [4,1]}, 4126ms, not valid, fitness = 2.0 (adj = 0, att = 2)

Level 243:
  Backtracking: {[4,3], [9,0], [6,7], [2,10], [5,5], [1,8], [10,6], [8,2], [7,9], [0,4], [3,1]}, 0ms, valid
  PSO: {[4,3], [10,0], [6,7], [2,10], [5,5], [1,8], [10,6], [9,2], [8,9], [0,4], [7,0]}, 4009ms, not valid, fitness = 2.0 (adj = 0, att = 2)

Level 244:
  Backtracking: {[3,7], [9,10], [6,0], [1,6], [5,3], [0,4], [10,8], [8,5], [4,1], [2,9], [7,2]}, 0ms, valid
  PSO: {[3,7], [9,10], [6,1], [0,6], [5,6], [0,4], [10,8], [9,5], [2,3], [1,9], [8,2]}, 4059ms, not valid, fitness = 3.0 (adj = 0, att = 3)

Level 245:
  Backtracking: {[3,4], [10,7], [6,8], [4,10], [1,0], [5,5], [7,1], [8,9], [9,3], [0,6], [2,2]}, 0ms, valid
  PSO: {[3,4], [10,7], [6,8], [5,10], [7,3], [4,6], [7,1], [8,9], [9,5], [1,10], [2,2]}, 4044ms, not valid, fitness = 2.0 (adj = 0, att = 2)

Level 246:
  Backtracking: {[2,1], [10,3], [7,4], [3,6], [5,5], [0,2], [6,8], [8,7], [9,0], [1,9], [4,10]}, 0ms, valid
  PSO: {[3,2], [9,3], [7,4], [5,8], [6,6], [0,1], [10,9], [8,7], [9,0], [2,5], [4,10]}, 4042ms, not valid, fitness = 1.0 (adj = 0, att = 1)

Level 247:
  Backtracking: {[4,0], [10,7], [6,5], [5,10], [2,1], [7,8], [9,3], [0,2], [8,6], [1,4], [3,9]}, 0ms, valid
  PSO: {[5,0], [10,8], [6,5], [9,10], [4,4], [8,7], [9,3], [1,1], [7,2], [0,6], [3,9]}, 4210ms, not valid, fitness = 1.0 (adj = 0, att = 1)

Level 248:
  Backtracking: {[4,6], [10,9], [9,1], [3,3], [6,7], [1,2], [8,10], [5,4], [7,0], [0,5], [2,8]}, 0ms, valid
  PSO: {[3,6], [10,9], [7,1], [2,4], [4,3], [1,2], [8,10], [6,4], [5,0], [0,5], [3,8]}, 4125ms, not valid, fitness = 2.0 (adj = 0, att = 2)

Level 249:
  Backtracking: {[1,3], [10,2], [6,1], [2,5], [4,4], [7,6], [9,7], [8,0], [5,10], [0,8], [3,9]}, 0ms, valid
  PSO: {[2,4], [10,3], [6,1], [7,7], [5,6], [4,1], [8,2], [9,0], [5,10], [0,8], [3,9]}, 4267ms, not valid, fitness = 2.0 (adj = 0, att = 2)

Level 250:
  Backtracking: {[9,8], [7,4], [3,10], [2,2], [5,3], [1,9], [10,5], [8,6], [6,0], [0,1], [4,7]}, 1ms, valid
  PSO: {[8,8], [7,4], [6,9], [2,5], [9,2], [1,10], [10,5], [8,6], [5,0], [0,1], [4,7]}, 4154ms, not valid, fitness = 2.0 (adj = 0, att = 2)

