======= 12x12 | Batch 5 =======
Level 201:
  Backtracking: {[10,5], [4,9], [6,10], [5,1], [2,4], [1,8], [7,3], [9,0], [0,11], [11,2], [8,7], [3,6]}, 1ms, valid
  PSO: {[11,5], [6,9], [7,11], [5,1], [1,4], [0,6], [8,2], [9,0], [4,10], [10,3], [9,7], [3,7]}, 4397ms, not valid, fitness = 2.0 (adj = 0, att = 2)

Level 202:
  Backtracking: {[11,4], [3,10], [9,8], [6,3], [4,5], [0,1], [7,9], [8,0], [1,7], [5,11], [10,6], [2,2]}, 0ms, valid
  PSO: {[11,4], [1,9], [9,8], [6,2], [4,3], [0,1], [5,7], [8,0], [2,5], [3,11], [10,6], [2,2]}, 4421ms, not valid, fitness = 2.0 (adj = 0, att = 2)

Level 203:
  Backtracking: {[10,5], [2,6], [4,10], [5,7], [1,2], [8,0], [0,9], [11,1], [9,3], [7,8], [6,11], [3,4]}, 0ms, valid
  PSO: {[10,6], [2,8], [4,11], [5,7], [0,5], [8,0], [1,10], [11,1], [9,3], [7,9], [6,11], [4,4]}, 4492ms, not valid, fitness = 2.0 (adj = 0, att = 2)

Level 204:
  Backtracking: {[11,9], [2,2], [8,4], [10,0], [3,7], [1,6], [6,3], [7,11], [0,8], [5,1], [9,10], [4,5]}, 0ms, valid
  PSO: {[11,9], [3,2], [10,7], [8,5], [4,8], [1,6], [6,3], [7,11], [0,11], [5,1], [9,10], [2,4]}, 4513ms, not valid, fitness = 1.0 (adj = 0, att = 1)

Level 205:
  Backtracking: {[10,0], [2,11], [11,6], [5,5], [3,4], [1,9], [6,10], [4,1], [0,3], [7,8], [8,2], [9,7]}, 1ms, valid
  PSO: {[10,0], [1,11], [11,7], [6,5], [3,4], [0,8], [7,10], [4,1], [0,3], [9,9], [8,2], [8,6]}, 4244ms, not valid, fitness = 2.0 (adj = 0, att = 2)

Level 206:
  Backtracking: {[10,6], [2,5], [8,7], [6,9], [5,2], [0,1], [7,4], [9,11], [1,3], [3,10], [11,8], [4,0]}, 0ms, valid
  PSO: {[11,6], [5,7], [10,4], [6,10], [8,3], [0,1], [7,5], [9,11], [2,2], [3,11], [9,9], [4,0]}, 4252ms, not valid, fitness = 2.0 (adj = 0, att = 2)

Level 207:
  Backtracking: {[8,1], [2,6], [11,9], [6,3], [3,8], [0,2], [7,5], [5,0], [1,4], [4,11], [10,7], [9,10]}, 0ms, valid
  PSO: {[11,2], [2,6], [11,9], [6,3], [3,8], [0,1], [7,5], [5,0], [1,4], [2,11], [10,7], [9,10]}, 4208ms, not valid, fitness = 2.0 (adj = 0, att = 2)

Level 208:
  Backtracking: {[10,8], [1,7], [11,0], [7,3], [3,4], [4,9], [2,2], [8,6], [5,5], [0,11], [6,10], [9,1]}, 0ms, valid
  PSO: {[10,8], [4,10], [11,0], [5,4], [3,4], [7,9], [1,2], [8,3], [2,6], [0,11], [6,11], [9,1]}, 4285ms, not valid, fitness = 2.0 (adj = 0, att = 2)

Level 209:
  Backtracking: {[10,2], [5,3], [11,0], [6,7], [0,10], [1,4], [8,5], [9,8], [3,9], [7,1], [2,11], [4,6]}, 1ms, valid
  PSO: {[10,2], [3,1], [11,0], [7,8], [0,7], [6,5], [8,3], [9,9], [5,10], [10,4], [2,11], [4,6]}, 4190ms, not valid, fitness = 1.0 (adj = 0, att = 1)

Level 210:
  Backtracking: {[11,10], [5,5], [10,8], [8,0], [4,2], [0,4], [7,3], [1,7], [9,6], [3,9], [6,11], [2,1]}, 0ms, valid
  PSO: {[11,10], [5,5], [10,8], [10,0], [8,6], [1,3], [9,2], [0,9], [11,4], [6,7], [7,11], [2,1]}, 4264ms, not valid, fitness = 2.0 (adj = 0, att = 2)

Level 211:
  Backtracking: {[9,0], [2,8], [10,3], [5,7], [6,5], [1,1], [7,11], [11,9], [0,10], [3,6], [8,2], [4,4]}, 0ms, valid
  PSO: {[10,0], [2,7], [11,3], [9,6], [7,5], [1,1], [9,11], [11,9], [0,10], [4,8], [8,2], [5,4]}, 4281ms, not valid, fitness = 2.0 (adj = 0, att = 2)

Level 212:
  Backtracking: {[11,4], [3,6], [8,0], [5,10], [1,11], [2,2], [6,5], [9,9], [0,3], [7,7], [10,1], [4,8]}, 0ms, valid
  PSO: {[11,4], [4,5], [8,0], [5,10], [3,11], [2,2], [8,3], [9,8], [0,3], [6,6], [10,1], [7,9]}, 4290ms, not valid, fitness = 2.0 (adj = 0, att = 2)

Level 213:
  Backtracking: {[11,8], [4,10], [8,5], [7,7], [5,6], [0,4], [10,2], [9,0], [6,11], [1,1], [3,3], [2,9]}, 1ms, valid
  PSO: {[10,10], [2,11], [8,5], [9,8], [6,6], [0,7], [11,3], [11,0], [7,11], [1,1], [5,4], [3,9]}, 4275ms, not valid, fitness = 2.0 (adj = 0, att = 2)

Level 214:
  Backtracking: {[11,6], [2,3], [10,1], [6,8], [5,0], [0,4], [7,10], [9,7], [1,11], [8,2], [3,9], [4,5]}, 2ms, valid
  PSO: {[11,6], [0,0], [10,1], [6,8], [10,3], [1,5], [7,10], [9,6], [2,11], [8,2], [3,9], [5,4]}, 4320ms, not valid, fitness = 2.0 (adj = 0, att = 2)

Level 215:
  Backtracking: {[10,5], [6,4], [11,0], [5,10], [4,8], [0,2], [7,7], [2,9], [9,1], [1,6], [8,3], [3,11]}, 2ms, valid
  PSO: {[11,4], [4,6], [10,0], [5,11], [9,10], [0,2], [6,5], [2,9], [7,1], [1,7], [8,8], [3,11]}, 4244ms, not valid, fitness = 1.0 (adj = 0, att = 1)

Level 216:
  Backtracking: {[10,6], [0,5], [8,11], [6,10], [5,7], [2,0], [7,2], [11,4], [4,1], [1,9], [9,3], [3,8]}, 0ms, valid
  PSO: {[11,6], [0,5], [10,11], [6,10], [5,7], [1,1], [9,0], [11,4], [3,2], [2,10], [8,3], [7,8]}, 4239ms, not valid, fitness = 2.0 (adj = 0, att = 2)

Level 217:
  Backtracking: {[11,6], [1,3], [8,2], [3,7], [6,5], [0,1], [5,9], [7,10], [4,11], [2,0], [9,4], [10,8]}, 0ms, valid
  PSO: {[11,6], [0,4], [6,1], [3,7], [9,10], [0,0], [5,9], [7,10], [1,11], [2,2], [8,3], [10,8]}, 4131ms, not valid, fitness = 2.0 (adj = 0, att = 2)

Level 218:
  Backtracking: {[11,9], [5,7], [9,11], [6,0], [4,1], [1,4], [7,10], [8,3], [0,2], [2,6], [10,5], [3,8]}, 1ms, valid
  PSO: {[11,9], [5,9], [9,10], [6,0], [4,1], [0,11], [7,8], [11,4], [1,2], [2,5], [10,6], [3,7]}, 4200ms, not valid, fitness = 2.0 (adj = 0, att = 2)

Level 219:
  Backtracking: {[11,9], [0,7], [10,3], [9,5], [4,4], [5,0], [8,2], [7,10], [1,11], [3,1], [6,8], [2,6]}, 0ms, valid
  PSO: {[11,11], [1,7], [11,5], [8,4], [7,2], [5,1], [10,0], [7,10], [0,9], [2,3], [9,6], [4,8]}, 4206ms, not valid, fitness = 2.0 (adj = 0, att = 2)

Level 220:
  Backtracking: {[11,10], [4,9], [5,6], [2,8], [6,0], [0,1], [8,7], [9,5], [1,11], [10,3], [7,4], [3,2]}, 0ms, valid
  PSO: {[10,11], [1,10], [5,6], [4,8], [2,4], [0,1], [8,7], [9,9], [0,5], [11,0], [7,3], [3,2]}, 4250ms, not valid, fitness = 1.0 (adj = 0, att = 1)

Level 221:
  Backtracking: {[11,9], [3,0], [10,7], [9,5], [6,4], [0,3], [8,1], [5,10], [4,2], [2,11], [7,6], [1,8]}, 0ms, valid
  PSO: {[11,9], [3,0], [10,7], [9,5], [4,8], [0,4], [8,2], [5,10], [5,3], [2,11], [7,6], [1,7]}, 4146ms, not valid, fitness = 2.0 (adj = 0, att = 2)

Level 222:
  Backtracking: {[11,5], [2,8], [8,6], [5,0], [4,11], [0,1], [7,10], [9,9], [1,3], [10,7], [3,2], [6,4]}, 1ms, valid
  PSO: {[11,5], [3,11], [7,7], [8,2], [5,9], [2,6], [7,10], [9,10], [1,3], [10,8], [4,0], [6,4]}, 3872ms, not valid, fitness = 2.0 (adj = 0, att = 2)

Level 223:
  Backtracking: {[11,6], [2,8], [8,2], [3,4], [7,0], [0,1], [6,11], [9,10], [4,9], [1,5], [5,7], [10,3]}, 0ms, valid
  PSO: {[10,8], [2,7], [11,2], [3,4], [9,0], [1,3], [6,11], [8,10], [0,7], [1,5], [5,9], [4,1]}, 3931ms, not valid, fitness = 2.0 (adj = 0, att = 2)

Level 224:
  Backtracking: {[11,2], [4,9], [9,7], [8,11], [5,1], [0,8], [6,3], [10,5], [3,4], [1,10], [7,6], [2,0]}, 1ms, valid
  PSO: {[11,5], [4,9], [10,8], [9,11], [5,6], [1,8], [6,3], [8,4], [0,1], [2,10], [7,7], [2,0]}, 3893ms, not valid, fitness = 2.0 (adj = 0, att = 2)

Level 225:
  Backtracking: {[11,3], [3,4], [9,11], [7,7], [2,0], [0,5], [8,9], [6,10], [4,6], [1,2], [10,8], [5,1]}, 0ms, valid
  PSO: {[11,3], [2,7], [9,11], [6,9], [3,1], [0,7], [8,9], [7,11], [4,6], [1,4], [10,8], [5,2]}, 3955ms, not valid, fitness = 3.0 (adj = 0, att = 3)

Level 226:
  Backtracking: {[10,4], [5,3], [11,2], [7,5], [6,8], [0,0], [3,9], [8,10], [1,11], [2,1], [9,7], [4,6]}, 1ms, valid
  PSO: {[10,6], [9,3], [11,4], [7,5], [6,7], [0,0], [3,8], [8,10], [5,11], [2,1], [11,9], [4,6]}, 3951ms, not valid, fitness = 2.0 (adj = 0, att = 2)

Level 227:
  Backtracking: {[9,5], [5,4], [11,2], [7,9], [3,1], [1,6], [6,11], [10,10], [2,3], [4,8], [8,7], [0,0]}, 1ms, valid
  PSO: {[11,7], [3,5], [11,2], [7,8], [4,1], [0,9], [6,11], [10,10], [2,3], [5,6], [9,7], [8,0]}, 3867ms, not valid, fitness = 2.0 (adj = 0, att = 2)

Level 228:
  Backtracking: {[11,10], [5,11], [10,6], [4,7], [3,5], [1,3], [8,4], [9,1], [6,0], [2,8], [7,2], [0,9]}, 0ms, valid
  PSO: {[11,10], [4,11], [10,6], [8,10], [5,7], [1,2], [7,5], [10,0], [6,1], [2,8], [9,4], [0,9]}, 3772ms, not valid, fitness = 2.0 (adj = 0, att = 2)

Level 229:
  Backtracking: {[10,8], [2,4], [11,2], [6,5], [3,10], [0,3], [7,7], [9,6], [8,11], [1,0], [5,9], [4,1]}, 0ms, valid
  PSO: {[10,11], [3,5], [11,2], [5,6], [2,9], [0,4], [7,7], [9,8], [8,11], [4,3], [6,10], [5,0]}, 3910ms, not valid, fitness = 2.0 (adj = 0, att = 2)

Level 230:
  Backtracking: {[10,10], [2,1], [9,6], [8,4], [5,2], [1,7], [7,11], [3,8], [0,5], [11,3], [6,9], [4,0]}, 0ms, valid
  PSO: {[10,10], [2,1], [9,6], [7,3], [6,1], [1,8], [5,11], [3,9], [0,4], [11,2], [8,10], [4,0]}, 3823ms, not valid, fitness = 2.0 (adj = 0, att = 2)

Level 231:
  Backtracking: {[4,10], [3,3], [9,8], [7,9], [6,11], [0,4], [10,1], [8,2], [5,6], [1,0], [11,7], [2,5]}, 1ms, valid
  PSO: {[4,10], [3,3], [9,9], [9,11], [6,11], [0,1], [7,8], [8,2], [1,7], [2,0], [10,6], [2,5]}, 3807ms, not valid, fitness = 3.0 (adj = 0, att = 3)

Level 232:
  Backtracking: {[11,9], [1,7], [8,3], [5,10], [0,2], [3,1], [7,8], [9,6], [10,11], [2,5], [6,0], [4,4]}, 0ms, valid
  PSO: {[11,9], [0,8], [8,3], [5,10], [6,4], [2,1], [7,8], [9,6], [10,11], [3,7], [7,0], [4,5]}, 3834ms, not valid, fitness = 2.0 (adj = 0, att = 2)

Level 233:
  Backtracking: {[4,8], [10,1], [11,4], [1,11], [0,2], [8,5], [5,6], [7,7], [2,9], [3,3], [9,10], [6,0]}, 1ms, valid
  PSO: {[4,8], [10,1], [11,3], [3,11], [0,4], [9,6], [5,6], [7,7], [2,9], [6,2], [9,10], [8,0]}, 3793ms, not valid, fitness = 2.0 (adj = 0, att = 2)

Level 234:
  Backtracking: {[0,6], [1,0], [10,2], [7,9], [5,8], [11,4], [6,3], [9,5], [2,10], [3,1], [8,7], [4,11]}, 0ms, valid
  PSO: {[0,7], [1,0], [9,3], [7,9], [5,8], [11,4], [6,5], [10,10], [2,10], [3,2], [8,6], [4,11]}, 3856ms, not valid, fitness = 1.0 (adj = 0, att = 1)

Level 235:
  Backtracking: {[11,3], [2,8], [9,6], [5,9], [7,5], [4,1], [10,10], [8,2], [0,4], [1,0], [6,7], [3,11]}, 1ms, valid
  PSO: {[10,5], [0,8], [9,7], [5,11], [6,4], [4,1], [8,11], [11,2], [0,6], [1,0], [7,9], [2,10]}, 3826ms, not valid, fitness = 2.0 (adj = 0, att = 2)

Level 236:
  Backtracking: {[10,7], [4,6], [8,8], [3,4], [1,0], [9,1], [2,2], [11,9], [7,10], [0,3], [5,11], [6,5]}, 0ms, valid
  PSO: {[11,7], [4,6], [8,8], [6,4], [1,0], [9,1], [2,8], [11,9], [7,10], [0,2], [5,11], [10,5]}, 3855ms, not valid, fitness = 2.0 (adj = 0, att = 2)

Level 237:
  Backtracking: {[6,6], [5,8], [9,7], [4,10], [2,1], [11,11], [7,2], [10,9], [1,4], [8,5], [3,3], [0,0]}, 0ms, valid
  PSO: {[6,6], [4,8], [10,7], [4,10], [2,3], [11,11], [7,2], [10,9], [1,11], [8,5], [5,4], [0,0]}, 3814ms, not valid, fitness = 3.0 (adj = 0, att = 3)

Level 238:
  Backtracking: {[9,8], [5,11], [7,9], [3,10], [2,7], [6,1], [1,3], [10,6], [4,5], [8,2], [11,4], [0,0]}, 0ms, valid
  PSO: {[9,7], [5,11], [7,9], [3,10], [3,8], [6,1], [2,3], [11,8], [1,6], [11,0], [10,4], [4,2]}, 3829ms, not valid, fitness = 3.0 (adj = 0, att = 3)

Level 239:
  Backtracking: {[5,5], [8,2], [11,6], [9,10], [7,9], [6,3], [1,0], [0,4], [3,1], [10,8], [2,11], [4,7]}, 0ms, valid
  PSO: {[5,4], [8,2], [11,6], [9,10], [7,9], [11,3], [1,7], [0,5], [3,1], [10,8], [2,11], [4,7]}, 3523ms, not valid, fitness = 2.0 (adj = 0, att = 2)

Level 240:
  Backtracking: {[11,6], [0,8], [10,4], [4,5], [3,10], [6,2], [8,9], [2,1], [7,11], [5,0], [1,3], [9,7]}, 0ms, valid
  PSO: {[11,8], [0,7], [10,5], [5,6], [4,10], [7,3], [8,9], [3,2], [9,11], [6,1], [1,4], [9,7]}, 3544ms, not valid, fitness = 2.0 (adj = 0, att = 2)

Level 241:
  Backtracking: {[4,0], [5,10], [10,7], [1,3], [0,1], [2,11], [11,5], [9,2], [3,9], [7,4], [8,8], [6,6]}, 1ms, valid
  PSO: {[5,0], [6,9], [10,8], [3,4], [0,3], [2,11], [11,6], [9,2], [4,10], [7,5], [8,9], [6,7]}, 3539ms, not valid, fitness = 2.0 (adj = 0, att = 2)

Level 242:
  Backtracking: {[6,0], [7,2], [11,11], [5,3], [3,4], [9,5], [2,10], [8,7], [4,1], [10,8], [1,6], [0,9]}, 0ms, valid
  PSO: {[8,4], [7,1], [10,11], [5,3], [6,6], [11,7], [2,10], [8,10], [4,0], [9,8], [1,5], [0,9]}, 3535ms, not valid, fitness = 2.0 (adj = 0, att = 2)

Level 243:
  Backtracking: {[6,7], [4,5], [7,9], [3,10], [2,4], [8,3], [10,6], [9,8], [5,1], [0,2], [1,0], [11,11]}, 1ms, valid
  PSO: {[6,7], [4,5], [7,10], [3,11], [2,4], [8,3], [10,6], [9,8], [5,1], [0,11], [1,2], [11,11]}, 3543ms, not valid, fitness = 3.0 (adj = 0, att = 3)

Level 244:
  Backtracking: {[4,2], [10,11], [6,4], [5,6], [3,0], [9,8], [7,9], [8,5], [11,7], [1,1], [0,10], [2,3]}, 0ms, valid
  PSO: {[4,2], [10,11], [6,4], [5,7], [3,5], [9,8], [7,9], [10,6], [11,8], [1,1], [0,10], [2,3]}, 3534ms, not valid, fitness = 2.0 (adj = 0, att = 2)

Level 245:
  Backtracking: {[6,8], [4,4], [10,9], [8,10], [0,0], [1,3], [7,2], [11,11], [3,7], [9,1], [2,5], [5,6]}, 0ms, valid
  PSO: {[6,8], [4,4], [10,9], [8,10], [1,0], [9,3], [7,2], [11,11], [3,7], [9,1], [2,5], [5,6]}, 3529ms, not valid, fitness = 1.0 (adj = 0, att = 1)

Level 246:
  Backtracking: {[5,10], [3,2], [10,8], [9,11], [1,3], [4,4], [8,9], [7,1], [0,7], [6,5], [11,6], [2,0]}, 0ms, valid
  PSO: {[5,11], [3,3], [11,10], [9,11], [0,4], [4,5], [8,9], [6,2], [1,8], [7,6], [11,7], [2,0]}, 3545ms, not valid, fitness = 2.0 (adj = 0, att = 2)

Level 247:
  Backtracking: {[8,9], [10,11], [9,6], [7,7], [6,4], [5,2], [3,3], [0,1], [2,0], [4,10], [11,8], [1,5]}, 1ms, valid
  PSO: {[8,10], [10,11], [9,6], [7,7], [6,3], [5,5], [2,4], [0,0], [8,2], [4,11], [11,9], [3,8]}, 3529ms, not valid, fitness = 2.0 (adj = 0, att = 2)

Level 248:
  Backtracking: {[2,0], [9,8], [7,3], [5,4], [4,6], [0,7], [6,11], [10,5], [3,10], [11,2], [8,1], [1,9]}, 1ms, valid
  PSO: {[1,0], [10,8], [7,3], [5,4], [5,6], [0,7], [3,11], [10,5], [4,9], [11,2], [8,1], [2,9]}, 3529ms, not valid, fitness = 3.0 (adj = 0, att = 3)

Level 249:
  Backtracking: {[7,2], [3,1], [8,9], [6,5], [4,6], [5,8], [10,7], [0,4], [11,10], [1,0], [2,11], [9,3]}, 0ms, valid
  PSO: {[7,2], [3,1], [10,8], [6,7], [4,6], [8,11], [9,5], [0,9], [11,10], [1,3], [2,11], [11,4]}, 3535ms, not valid, fitness = 2.0 (adj = 0, att = 2)

Level 250:
  Backtracking: {[7,9], [4,0], [10,10], [9,7], [5,2], [6,6], [0,4], [2,5], [11,8], [3,3], [8,11], [1,1]}, 0ms, valid
  PSO: {[7,9], [4,0], [10,10], [9,8], [5,3], [6,6], [1,4], [2,7], [11,8], [3,5], [8,11], [2,1]}, 3561ms, not valid, fitness = 2.0 (adj = 0, att = 2)

