======= 10x10 | Batch 5 =======
Level 201:
  Backtracking: {[1,1], [7,2], [2,6], [5,7], [0,5], [8,8], [3,4], [9,3], [6,0], [4,9]}, 0ms, valid
  PSO: {[1,1], [6,4], [2,6], [5,7], [0,5], [7,8], [3,0], [9,3], [8,0], [4,9]}, 41492ms, not valid, fitness = 1.0 (adj = 0, att = 1)

Level 202:
  Backtracking: {[1,9], [7,2], [0,1], [4,8], [6,0], [5,5], [2,7], [9,6], [8,4], [3,3]}, 1ms, valid
  PSO: {[1,9], [7,2], [0,3], [4,8], [8,0], [5,5], [2,7], [9,6], [6,8], [3,4]}, 41902ms, not valid, fitness = 1.0 (adj = 0, att = 1)

Level 203:
  Backtracking: {[4,8], [5,6], [0,7], [7,0], [1,9], [6,3], [2,1], [9,2], [8,4], [3,5]}, 1ms, valid
  PSO: {[4,8], [5,6], [0,7], [7,0], [1,9], [6,3], [2,1], [9,2], [8,4], [3,5]}, 280ms, valid

Level 204:
  Backtracking: {[1,6], [4,7], [8,0], [5,1], [0,3], [6,8], [2,2], [9,4], [7,5], [3,9]}, 1ms, valid
  PSO: {[0,9], [4,7], [3,0], [7,1], [1,2], [6,6], [5,3], [9,5], [8,8], [2,8]}, 41726ms, not valid, fitness = 1.0 (adj = 0, att = 1)

Level 205:
  Backtracking: {[2,7], [7,6], [0,8], [5,5], [1,3], [6,1], [3,4], [8,2], [9,0], [4,9]}, 1ms, valid
  PSO: {[2,6], [7,4], [1,8], [7,7], [3,3], [6,1], [4,5], [8,2], [9,0], [5,9]}, 41635ms, not valid, fitness = 1.0 (adj = 0, att = 1)

Level 206:
  Backtracking: {[1,2], [3,1], [0,5], [8,6], [2,4], [5,9], [6,3], [9,0], [7,8], [4,7]}, 0ms, valid
  PSO: {[2,3], [4,1], [0,7], [7,6], [1,5], [5,9], [6,2], [9,0], [8,9], [3,8]}, 41055ms, not valid, fitness = 1.0 (adj = 0, att = 1)

Level 207:
  Backtracking: {[6,8], [5,0], [1,1], [7,5], [0,3], [3,4], [2,6], [9,9], [8,7], [4,2]}, 0ms, valid
  PSO: {[4,9], [5,2], [1,0], [6,5], [0,7], [2,4], [2,6], [8,3], [7,8], [3,1]}, 41852ms, not valid, fitness = 1.0 (adj = 0, att = 1)

Level 208:
  Backtracking: {[1,8], [9,6], [8,3], [4,7], [0,5], [5,0], [2,2], [7,1], [6,9], [3,4]}, 0ms, valid
  PSO: {[1,8], [7,7], [9,3], [2,6], [0,5], [5,0], [3,2], [8,1], [6,9], [3,4]}, 41752ms, not valid, fitness = 1.0 (adj = 0, att = 1)

Level 209:
  Backtracking: {[2,7], [6,3], [0,5], [5,6], [4,8], [9,0], [1,9], [8,4], [7,1], [3,2]}, 1ms, valid
  PSO: {[2,7], [6,3], [0,5], [5,6], [4,8], [9,0], [1,9], [8,4], [7,0], [3,1]}, 42103ms, not valid, fitness = 1.0 (adj = 0, att = 1)

Level 210:
  Backtracking: {[4,3], [7,7], [2,2], [9,5], [0,8], [5,9], [3,0], [6,4], [8,1], [1,6]}, 1ms, valid
  PSO: {[4,5], [7,7], [1,0], [9,6], [0,8], [5,9], [3,2], [8,4], [6,1], [2,8]}, 42256ms, not valid, fitness = 1.0 (adj = 0, att = 1)

Level 211:
  Backtracking: {[3,9], [4,6], [0,5], [5,4], [2,0], [6,7], [7,3], [9,8], [8,1], [1,2]}, 0ms, valid
  PSO: {[3,9], [4,6], [0,4], [6,5], [2,2], [6,7], [7,3], [9,8], [8,0], [5,1]}, 41832ms, not valid, fitness = 1.0 (adj = 0, att = 1)

Level 212:
  Backtracking: {[2,4], [6,7], [0,6], [5,3], [3,2], [7,1], [1,9], [9,0], [8,5], [4,8]}, 0ms, valid
  PSO: {[2,4], [6,7], [0,6], [5,3], [3,2], [7,1], [1,9], [9,0], [8,5], [4,8]}, 369ms, valid

Level 213:
  Backtracking: {[1,1], [7,5], [0,3], [5,0], [3,2], [6,8], [2,6], [9,9], [8,7], [4,4]}, 0ms, valid
  PSO: {[1,1], [7,5], [0,3], [5,0], [3,2], [6,8], [2,6], [9,9], [8,7], [4,4]}, 271ms, valid

Level 214:
  Backtracking: {[1,3], [5,5], [2,7], [6,0], [0,8], [9,4], [3,1], [7,6], [8,2], [4,9]}, 0ms, valid
  PSO: {[2,4], [5,6], [1,7], [6,0], [0,9], [7,5], [3,2], [8,8], [9,3], [4,9]}, 41344ms, not valid, fitness = 1.0 (adj = 0, att = 1)

Level 215:
  Backtracking: {[1,3], [6,5], [2,1], [4,6], [3,4], [7,9], [0,7], [8,0], [9,8], [5,2]}, 0ms, valid
  PSO: {[1,3], [8,5], [2,1], [6,6], [4,4], [7,9], [0,7], [9,0], [9,8], [5,2]}, 41769ms, not valid, fitness = 1.0 (adj = 0, att = 1)

Level 216:
  Backtracking: {[1,6], [5,8], [0,4], [6,1], [2,3], [7,9], [3,0], [9,5], [8,7], [4,2]}, 1ms, valid
  PSO: {[1,6], [5,8], [0,4], [6,1], [2,3], [7,9], [3,0], [9,5], [8,7], [4,2]}, 354ms, valid

Level 217:
  Backtracking: {[2,7], [5,8], [3,1], [4,6], [1,4], [8,5], [0,2], [7,9], [6,3], [9,0]}, 1ms, valid
  PSO: {[2,7], [5,8], [3,1], [4,6], [1,4], [8,5], [0,2], [7,9], [6,3], [9,0]}, 163ms, valid

Level 218:
  Backtracking: {[1,7], [5,8], [0,9], [4,1], [2,2], [7,6], [3,4], [9,5], [8,3], [6,0]}, 1ms, valid
  PSO: {[1,7], [5,8], [0,9], [4,2], [0,1], [7,6], [3,4], [9,5], [8,3], [2,0]}, 41791ms, not valid, fitness = 1.0 (adj = 0, att = 1)

Level 219:
  Backtracking: {[4,7], [6,4], [1,1], [5,0], [0,8], [7,6], [2,9], [9,5], [8,3], [3,2]}, 1ms, valid
  PSO: {[3,4], [6,3], [0,0], [5,0], [2,7], [7,6], [1,9], [9,5], [8,1], [4,2]}, 40865ms, not valid, fitness = 1.0 (adj = 0, att = 1)

Level 220:
  Backtracking: {[8,0], [4,9], [0,1], [5,6], [1,8], [7,5], [2,4], [9,2], [6,3], [3,7]}, 1ms, valid
  PSO: {[8,0], [4,9], [0,1], [7,8], [2,9], [5,5], [1,4], [9,6], [6,3], [3,7]}, 42134ms, not valid, fitness = 1.0 (adj = 0, att = 1)

Level 221:
  Backtracking: {[3,9], [6,1], [1,5], [5,8], [0,7], [9,0], [2,2], [8,4], [7,6], [4,3]}, 0ms, valid
  PSO: {[3,9], [6,1], [1,5], [5,8], [0,7], [9,0], [2,2], [8,4], [7,6], [4,3]}, 369ms, valid

Level 222:
  Backtracking: {[4,4], [6,5], [0,9], [3,6], [1,1], [7,7], [2,3], [9,8], [5,2], [8,0]}, 0ms, valid
  PSO: {[4,4], [6,5], [0,9], [3,6], [1,1], [7,7], [2,3], [9,8], [5,2], [8,0]}, 260ms, valid

Level 223:
  Backtracking: {[0,6], [6,8], [1,2], [5,1], [2,0], [7,3], [4,4], [9,7], [8,5], [3,9]}, 0ms, valid
  PSO: {[0,8], [5,9], [1,3], [6,4], [2,0], [9,1], [4,6], [7,7], [8,5], [3,9]}, 41272ms, not valid, fitness = 1.0 (adj = 0, att = 1)

Level 224:
  Backtracking: {[0,6], [4,8], [1,1], [6,9], [9,0], [5,3], [3,2], [8,5], [7,7], [2,4]}, 0ms, valid
  PSO: {[1,8], [4,8], [0,3], [6,9], [9,1], [5,6], [2,2], [8,5], [7,7], [3,4]}, 41806ms, not valid, fitness = 1.0 (adj = 0, att = 1)

Level 225:
  Backtracking: {[1,0], [7,7], [0,2], [4,3], [2,6], [9,5], [3,1], [6,4], [8,9], [5,8]}, 0ms, valid
  PSO: {[1,0], [5,7], [0,2], [4,3], [1,6], [9,5], [3,1], [6,4], [7,9], [2,8]}, 41710ms, not valid, fitness = 1.0 (adj = 0, att = 1)

Level 226:
  Backtracking: {[1,3], [8,0], [2,1], [9,8], [0,5], [5,7], [3,6], [7,4], [6,9], [4,2]}, 0ms, valid
  PSO: {[1,3], [7,5], [1,1], [3,4], [0,8], [5,7], [2,6], [9,0], [6,9], [4,2]}, 41734ms, not valid, fitness = 1.0 (adj = 0, att = 1)

Level 227:
  Backtracking: {[0,3], [6,8], [3,4], [5,5], [1,0], [7,6], [2,2], [9,9], [8,1], [4,7]}, 1ms, valid
  PSO: {[0,3], [6,8], [3,4], [5,5], [1,0], [7,6], [2,2], [9,9], [8,1], [4,7]}, 270ms, valid

Level 228:
  Backtracking: {[2,3], [5,8], [0,2], [6,5], [1,0], [7,7], [3,6], [8,9], [9,1], [4,4]}, 1ms, valid
  PSO: {[2,3], [5,8], [0,2], [6,5], [1,0], [7,7], [3,6], [8,9], [9,1], [4,4]}, 163ms, valid

Level 229:
  Backtracking: {[1,5], [6,9], [0,1], [4,6], [2,0], [7,2], [3,8], [9,7], [8,4], [5,3]}, 0ms, valid
  PSO: {[1,5], [6,9], [0,1], [4,6], [2,0], [7,2], [3,8], [9,7], [8,4], [5,3]}, 264ms, valid

Level 230:
  Backtracking: {[1,6], [6,5], [2,0], [4,4], [0,1], [7,7], [3,9], [9,8], [8,3], [5,2]}, 0ms, valid
  PSO: {[2,2], [8,5], [0,0], [5,6], [1,4], [7,7], [3,9], [9,8], [9,3], [6,1]}, 42103ms, not valid, fitness = 1.0 (adj = 0, att = 1)

Level 231:
  Backtracking: {[2,6], [7,0], [0,3], [5,7], [1,9], [6,2], [3,8], [9,1], [8,4], [4,5]}, 1ms, valid
  PSO: {[2,6], [7,0], [0,3], [5,7], [1,9], [6,2], [3,8], [9,1], [8,4], [4,5]}, 322ms, valid

Level 232:
  Backtracking: {[3,3], [5,7], [0,8], [4,1], [1,4], [8,0], [2,9], [9,6], [7,5], [6,2]}, 0ms, valid
  PSO: {[3,3], [6,7], [0,8], [4,1], [1,6], [7,2], [2,9], [9,9], [5,5], [8,4]}, 42121ms, not valid, fitness = 1.0 (adj = 0, att = 1)

Level 233:
  Backtracking: {[1,6], [6,5], [0,8], [5,0], [2,3], [9,2], [3,1], [7,9], [8,7], [4,4]}, 1ms, valid
  PSO: {[2,6], [7,5], [1,8], [6,3], [3,2], [8,0], [5,1], [8,9], [9,7], [4,4]}, 42091ms, not valid, fitness = 1.0 (adj = 0, att = 1)

Level 234:
  Backtracking: {[0,7], [4,9], [9,0], [8,8], [1,2], [5,1], [2,5], [7,4], [6,6], [3,3]}, 0ms, valid
  PSO: {[0,7], [4,9], [9,0], [8,8], [1,2], [5,1], [2,5], [7,4], [6,6], [3,3]}, 252ms, valid

Level 235:
  Backtracking: {[0,4], [3,5], [2,2], [6,0], [1,7], [7,6], [5,8], [8,1], [9,9], [4,3]}, 0ms, valid
  PSO: {[0,4], [3,8], [2,2], [6,0], [1,7], [7,6], [5,9], [8,1], [9,9], [4,3]}, 42469ms, not valid, fitness = 1.0 (adj = 0, att = 1)

Level 236:
  Backtracking: {[1,0], [5,8], [0,7], [6,2], [3,4], [7,9], [2,6], [9,5], [8,3], [4,1]}, 0ms, valid
  PSO: {[0,1], [6,8], [1,9], [5,2], [3,4], [8,9], [2,7], [9,5], [7,3], [4,6]}, 42485ms, not valid, fitness = 1.0 (adj = 0, att = 1)

Level 237:
  Backtracking: {[0,3], [6,1], [3,5], [4,9], [1,0], [7,7], [2,2], [9,8], [8,4], [5,6]}, 0ms, valid
  PSO: {[1,9], [6,3], [3,5], [4,9], [0,0], [7,7], [2,2], [9,8], [8,4], [5,6]}, 42382ms, not valid, fitness = 1.0 (adj = 0, att = 1)

Level 238:
  Backtracking: {[2,1], [7,6], [0,2], [6,3], [1,8], [4,9], [3,7], [9,4], [8,0], [5,5]}, 0ms, valid
  PSO: {[2,1], [7,6], [0,2], [6,3], [1,8], [4,9], [3,7], [9,4], [8,0], [5,5]}, 272ms, valid

Level 239:
  Backtracking: {[5,5], [7,9], [0,1], [4,2], [1,3], [9,8], [2,0], [6,7], [8,6], [3,4]}, 0ms, valid
  PSO: {[2,8], [7,9], [0,1], [5,3], [1,5], [9,8], [4,0], [6,7], [8,6], [3,4]}, 42186ms, not valid, fitness = 1.0 (adj = 0, att = 1)

Level 240:
  Backtracking: {[3,0], [5,9], [0,4], [6,3], [1,1], [9,6], [2,7], [8,8], [7,5], [4,2]}, 0ms, valid
  PSO: {[3,0], [5,9], [0,4], [6,3], [1,1], [9,6], [2,7], [8,8], [6,5], [4,2]}, 42761ms, not valid, fitness = 1.0 (adj = 0, att = 1)

Level 241:
  Backtracking: {[1,5], [4,4], [0,8], [3,6], [6,0], [7,2], [2,3], [8,7], [9,1], [5,9]}, 0ms, valid
  PSO: {[3,4], [6,8], [2,9], [1,6], [5,0], [7,5], [0,3], [9,7], [8,1], [4,9]}, 43115ms, not valid, fitness = 1.0 (adj = 0, att = 1)

Level 242:
  Backtracking: {[2,0], [4,1], [1,2], [5,8], [0,6], [6,5], [3,3], [8,9], [7,7], [9,4]}, 1ms, valid
  PSO: {[2,0], [4,1], [1,2], [5,8], [0,6], [6,5], [3,3], [8,9], [7,7], [9,4]}, 465ms, valid

Level 243:
  Backtracking: {[1,8], [8,0], [2,5], [4,4], [0,6], [6,7], [3,1], [9,3], [7,2], [5,9]}, 0ms, valid
  PSO: {[2,9], [8,1], [1,5], [3,4], [0,7], [6,8], [5,2], [9,3], [7,6], [4,6]}, 41880ms, not valid, fitness = 1.0 (adj = 0, att = 1)

Level 244:
  Backtracking: {[0,6], [7,8], [1,2], [4,9], [2,7], [9,3], [5,1], [8,5], [6,4], [3,0]}, 0ms, valid
  PSO: {[0,6], [7,8], [1,1], [4,9], [2,7], [6,2], [2,3], [9,5], [5,4], [3,0]}, 41897ms, not valid, fitness = 1.0 (adj = 0, att = 1)

Level 245:
  Backtracking: {[1,8], [8,1], [0,6], [5,2], [3,7], [7,4], [2,3], [6,9], [9,5], [4,0]}, 1ms, valid
  PSO: {[1,9], [9,1], [0,5], [6,3], [5,7], [8,6], [3,2], [7,8], [9,4], [4,0]}, 41649ms, not valid, fitness = 1.0 (adj = 0, att = 1)

Level 246:
  Backtracking: {[0,8], [6,0], [1,2], [5,5], [2,7], [7,4], [3,3], [9,9], [8,6], [4,1]}, 0ms, valid
  PSO: {[0,8], [7,0], [1,2], [6,7], [2,8], [5,4], [3,5], [9,9], [8,6], [4,1]}, 41970ms, not valid, fitness = 1.0 (adj = 0, att = 1)

Level 247:
  Backtracking: {[4,4], [5,9], [2,8], [1,1], [0,3], [8,5], [3,6], [9,0], [6,7], [7,2]}, 1ms, valid
  PSO: {[3,3], [4,8], [0,9], [0,0], [1,4], [5,5], [2,6], [9,1], [6,7], [7,2]}, 41887ms, not valid, fitness = 1.0 (adj = 0, att = 1)

Level 248:
  Backtracking: {[3,6], [6,1], [1,0], [5,5], [0,9], [7,4], [2,8], [8,7], [9,2], [4,3]}, 1ms, valid
  PSO: {[3,4], [7,2], [0,0], [6,5], [1,9], [8,6], [2,7], [9,8], [9,1], [5,3]}, 41945ms, not valid, fitness = 1.0 (adj = 0, att = 1)

Level 249:
  Backtracking: {[3,2], [5,0], [0,4], [4,5], [1,9], [6,3], [2,7], [8,8], [9,6], [7,1]}, 0ms, valid
  PSO: {[3,3], [5,0], [1,6], [4,5], [0,9], [9,2], [2,8], [8,9], [6,7], [7,1]}, 41641ms, not valid, fitness = 1.0 (adj = 0, att = 1)

Level 250:
  Backtracking: {[3,7], [8,2], [1,0], [5,3], [2,5], [6,1], [0,6], [9,4], [7,8], [4,9]}, 1ms, valid
  PSO: {[3,7], [7,3], [2,0], [5,3], [1,5], [6,1], [0,8], [9,4], [8,6], [4,9]}, 41728ms, not valid, fitness = 1.0 (adj = 0, att = 1)

