======= 11x11 | Batch 2 =======
Level 51:
  Backtracking: {[3,8], [10,7], [6,3], [2,6], [5,1], [0,5], [9,10], [8,2], [7,9], [1,0], [4,4]}, 0ms, valid
  PSO: {[3,8], [10,7], [6,3], [2,6], [5,1], [0,6], [9,10], [8,5], [7,9], [1,2], [4,4]}, 46201ms, not valid, fitness = 1.0 (adj = 0, att = 1)

Level 52:
  Backtracking: {[3,0], [10,1], [5,4], [1,5], [7,2], [9,6], [6,8], [4,7], [0,3], [8,9], [2,10]}, 0ms, valid
  PSO: {[3,0], [10,1], [6,6], [1,5], [7,2], [9,7], [5,10], [0,8], [4,3], [8,9], [2,10]}, 46636ms, not valid, fitness = 1.0 (adj = 0, att = 1)

Level 53:
  Backtracking: {[10,8], [8,6], [2,0], [1,7], [4,5], [9,3], [3,2], [7,4], [0,10], [5,1], [6,9]}, 2ms, valid
  PSO: {[10,7], [7,6], [5,0], [3,9], [4,5], [9,3], [1,3], [6,4], [0,10], [2,1], [8,8]}, 46349ms, not valid, fitness = 1.0 (adj = 0, att = 1)

Level 54:
  Backtracking: {[7,8], [10,4], [5,0], [2,7], [6,2], [1,10], [9,1], [8,5], [4,9], [0,6], [3,3]}, 6ms, valid
  PSO: {[6,6], [10,4], [5,0], [0,7], [7,2], [2,8], [9,1], [8,5], [4,9], [1,0], [3,3]}, 46418ms, not valid, fitness = 1.0 (adj = 0, att = 1)

Level 55:
  Backtracking: {[2,4], [9,3], [4,2], [10,0], [8,7], [0,9], [6,8], [3,6], [1,1], [5,5], [7,10]}, 1ms, valid
  PSO: {[2,4], [9,4], [4,3], [10,2], [8,7], [0,9], [6,8], [3,6], [1,1], [5,5], [7,10]}, 46452ms, not valid, fitness = 1.0 (adj = 0, att = 1)

Level 56:
  Backtracking: {[5,2], [10,8], [7,3], [3,1], [4,4], [0,9], [2,6], [9,10], [8,5], [1,0], [6,7]}, 0ms, valid
  PSO: {[5,2], [10,8], [7,3], [3,1], [4,4], [0,9], [1,6], [9,10], [8,5], [5,0], [6,7]}, 46994ms, not valid, fitness = 1.0 (adj = 0, att = 1)

Level 57:
  Backtracking: {[3,9], [10,8], [7,2], [0,10], [6,4], [1,5], [9,6], [8,0], [5,7], [2,1], [4,3]}, 0ms, valid
  PSO: {[3,10], [10,9], [7,4], [1,10], [5,5], [2,7], [9,6], [8,0], [4,8], [0,1], [6,2]}, 47115ms, not valid, fitness = 1.0 (adj = 0, att = 1)

Level 58:
  Backtracking: {[5,9], [10,5], [6,4], [2,8], [7,2], [0,7], [9,3], [8,6], [4,0], [1,1], [3,10]}, 0ms, valid
  PSO: {[5,9], [10,5], [6,4], [2,8], [7,2], [0,7], [9,3], [8,6], [4,0], [1,1], [3,10]}, 499ms, valid

Level 59:
  Backtracking: {[4,9], [10,8], [6,4], [2,5], [5,1], [1,3], [9,0], [8,10], [7,2], [0,6], [3,7]}, 1ms, valid
  PSO: {[7,8], [10,7], [6,4], [3,9], [5,1], [1,0], [10,2], [9,10], [8,3], [0,5], [4,6]}, 47005ms, not valid, fitness = 1.0 (adj = 0, att = 1)

Level 60:
  Backtracking: {[4,8], [9,7], [7,0], [5,10], [3,1], [2,6], [8,3], [10,4], [6,2], [1,9], [0,5]}, 1ms, valid
  PSO: {[4,7], [9,6], [9,1], [3,10], [1,0], [2,5], [8,3], [10,4], [6,2], [0,8], [5,9]}, 47003ms, not valid, fitness = 1.0 (adj = 0, att = 1)

Level 61:
  Backtracking: {[3,2], [10,7], [7,4], [1,6], [4,10], [0,8], [9,3], [8,1], [5,5], [6,0], [2,9]}, 0ms, valid
  PSO: {[3,2], [10,7], [7,4], [1,6], [4,10], [0,8], [9,3], [8,1], [5,5], [6,0], [2,9]}, 380ms, valid

Level 62:
  Backtracking: {[3,4], [10,5], [5,9], [2,10], [4,7], [1,3], [9,1], [8,6], [7,0], [0,8], [6,2]}, 0ms, valid
  PSO: {[3,4], [10,5], [5,9], [2,8], [4,7], [1,1], [9,1], [8,6], [7,0], [0,3], [6,2]}, 46834ms, not valid, fitness = 1.0 (adj = 0, att = 1)

Level 63:
  Backtracking: {[3,0], [9,10], [7,1], [1,2], [4,4], [0,9], [10,8], [8,7], [6,3], [2,5], [5,6]}, 0ms, valid
  PSO: {[3,0], [9,10], [7,1], [1,2], [4,4], [0,9], [10,8], [8,7], [6,3], [2,5], [5,6]}, 313ms, valid

Level 64:
  Backtracking: {[3,1], [10,7], [5,0], [2,5], [6,8], [0,6], [9,2], [8,4], [7,10], [1,3], [4,9]}, 1ms, valid
  PSO: {[3,1], [10,7], [8,0], [2,9], [5,8], [0,6], [9,2], [7,5], [6,10], [1,3], [4,10]}, 46943ms, not valid, fitness = 1.0 (adj = 0, att = 1)

Level 65:
  Backtracking: {[2,5], [10,9], [5,7], [7,10], [6,1], [0,6], [9,0], [8,8], [4,4], [1,3], [3,2]}, 1ms, valid
  PSO: {[2,3], [10,9], [3,7], [5,10], [6,5], [1,6], [9,0], [8,8], [4,4], [0,2], [2,1]}, 46993ms, not valid, fitness = 1.0 (adj = 0, att = 1)

Level 66:
  Backtracking: {[3,0], [7,6], [5,9], [4,3], [8,2], [0,10], [10,7], [9,5], [6,4], [1,1], [2,8]}, 0ms, valid
  PSO: {[3,2], [7,6], [4,7], [5,3], [8,1], [0,9], [10,8], [9,5], [6,10], [1,4], [2,9]}, 47116ms, not valid, fitness = 1.0 (adj = 0, att = 1)

Level 67:
  Backtracking: {[4,7], [9,10], [5,9], [0,4], [3,0], [1,6], [10,2], [7,3], [2,8], [8,1], [6,5]}, 1ms, valid
  PSO: {[7,8], [9,10], [5,9], [1,5], [3,0], [0,10], [10,3], [8,6], [2,7], [4,2], [6,4]}, 47631ms, not valid, fitness = 1.0 (adj = 0, att = 1)

Level 68:
  Backtracking: {[3,10], [10,4], [9,9], [2,8], [4,3], [5,1], [8,7], [6,6], [7,0], [0,2], [1,5]}, 1ms, valid
  PSO: {[3,10], [10,4], [9,9], [2,8], [4,3], [5,1], [8,7], [6,6], [7,0], [0,2], [1,5]}, 419ms, valid

Level 69:
  Backtracking: {[2,2], [10,5], [5,10], [1,4], [8,9], [0,7], [9,3], [3,6], [4,1], [6,8], [7,0]}, 0ms, valid
  PSO: {[2,2], [10,5], [5,10], [1,4], [8,9], [0,7], [9,3], [3,6], [4,1], [6,8], [7,0]}, 320ms, valid

Level 70:
  Backtracking: {[2,7], [10,2], [8,5], [7,1], [3,10], [1,4], [5,8], [6,6], [9,0], [0,9], [4,3]}, 0ms, valid
  PSO: {[2,7], [9,5], [6,3], [8,2], [3,10], [1,5], [5,8], [7,6], [10,0], [0,9], [4,4]}, 46327ms, not valid, fitness = 1.0 (adj = 0, att = 1)

Level 71:
  Backtracking: {[2,5], [7,3], [8,1], [1,10], [4,2], [0,8], [9,9], [6,6], [10,4], [3,7], [5,0]}, 0ms, valid
  PSO: {[2,5], [7,8], [8,1], [1,10], [5,3], [0,8], [9,9], [6,6], [10,4], [3,7], [4,0]}, 46416ms, not valid, fitness = 1.0 (adj = 0, att = 1)

Level 72:
  Backtracking: {[6,4], [10,8], [4,9], [2,5], [5,7], [1,0], [8,1], [9,6], [7,10], [0,3], [3,2]}, 0ms, valid
  PSO: {[4,4], [10,9], [8,8], [2,6], [5,7], [5,1], [9,0], [6,5], [7,10], [1,3], [3,2]}, 46369ms, not valid, fitness = 1.0 (adj = 0, att = 1)

Level 73:
  Backtracking: {[3,6], [7,5], [5,4], [1,2], [4,1], [2,10], [10,7], [9,9], [6,0], [0,8], [8,3]}, 0ms, valid
  PSO: {[6,8], [7,5], [5,6], [0,4], [4,1], [1,10], [10,7], [9,9], [2,2], [3,9], [8,3]}, 46878ms, not valid, fitness = 1.0 (adj = 0, att = 1)

Level 74:
  Backtracking: {[4,4], [10,3], [7,1], [1,0], [5,10], [2,5], [8,9], [9,7], [6,8], [0,6], [3,2]}, 1ms, valid
  PSO: {[8,5], [10,3], [7,1], [1,0], [5,10], [2,4], [9,9], [9,7], [6,8], [4,6], [3,2]}, 46169ms, not valid, fitness = 1.0 (adj = 0, att = 1)

Level 75:
  Backtracking: {[3,7], [10,0], [6,8], [2,4], [4,1], [1,2], [9,9], [7,10], [5,6], [8,3], [0,5]}, 0ms, valid
  PSO: {[2,9], [10,0], [4,7], [5,2], [3,1], [1,3], [9,10], [7,10], [8,8], [6,4], [0,6]}, 46101ms, not valid, fitness = 1.0 (adj = 0, att = 1)

Level 76:
  Backtracking: {[3,4], [10,7], [4,0], [2,6], [5,2], [6,8], [7,10], [8,5], [1,9], [0,1], [9,3]}, 1ms, valid
  PSO: {[4,5], [10,6], [9,1], [3,7], [5,2], [6,8], [7,10], [8,4], [1,9], [2,0], [10,3]}, 46400ms, not valid, fitness = 1.0 (adj = 0, att = 1)

Level 77:
  Backtracking: {[4,1], [9,3], [8,10], [0,4], [5,8], [1,2], [7,5], [10,6], [6,0], [3,9], [2,7]}, 1ms, valid
  PSO: {[5,1], [10,2], [8,10], [1,5], [6,8], [0,0], [9,6], [10,4], [7,3], [3,9], [2,7]}, 46902ms, not valid, fitness = 1.0 (adj = 0, att = 1)

Level 78:
  Backtracking: {[4,8], [9,7], [7,5], [3,6], [5,2], [1,1], [6,0], [2,9], [8,3], [0,10], [10,4]}, 0ms, valid
  PSO: {[4,8], [9,7], [7,5], [3,6], [5,2], [1,1], [6,0], [2,9], [8,3], [0,10], [10,4]}, 398ms, valid

Level 79:
  Backtracking: {[4,1], [7,4], [6,2], [2,6], [5,5], [1,0], [8,10], [9,3], [10,8], [0,7], [3,9]}, 0ms, valid
  PSO: {[4,1], [7,4], [6,2], [2,7], [5,5], [1,0], [8,10], [9,3], [10,8], [0,8], [3,9]}, 46664ms, not valid, fitness = 1.0 (adj = 0, att = 1)

Level 80:
  Backtracking: {[3,8], [10,0], [6,7], [1,1], [9,2], [4,10], [8,6], [7,9], [5,4], [0,3], [2,5]}, 0ms, valid
  PSO: {[5,9], [10,1], [6,7], [2,0], [4,2], [3,10], [8,8], [7,10], [9,5], [0,3], [1,6]}, 46610ms, not valid, fitness = 1.0 (adj = 0, att = 1)

Level 81:
  Backtracking: {[9,10], [10,3], [5,7], [1,8], [4,2], [3,0], [6,4], [8,1], [7,9], [0,5], [2,6]}, 0ms, valid
  PSO: {[9,10], [10,3], [5,7], [1,8], [4,5], [3,0], [6,4], [8,1], [7,9], [0,6], [2,6]}, 47006ms, not valid, fitness = 1.0 (adj = 0, att = 1)

Level 82:
  Backtracking: {[3,4], [10,9], [5,2], [1,3], [6,7], [2,10], [9,1], [7,0], [8,5], [0,6], [4,8]}, 0ms, valid
  PSO: {[5,5], [10,9], [6,2], [1,3], [7,7], [3,10], [8,1], [10,0], [9,4], [0,6], [4,8]}, 47086ms, not valid, fitness = 1.0 (adj = 0, att = 1)

Level 83:
  Backtracking: {[2,7], [6,4], [8,0], [3,10], [4,8], [1,5], [10,3], [7,2], [9,9], [0,1], [5,6]}, 0ms, valid
  PSO: {[3,7], [6,5], [5,0], [1,9], [4,9], [0,6], [10,4], [7,3], [9,10], [2,1], [8,8]}, 46686ms, not valid, fitness = 1.0 (adj = 0, att = 1)

Level 84:
  Backtracking: {[4,9], [9,10], [6,6], [3,1], [5,3], [0,7], [8,4], [7,2], [10,5], [1,0], [2,8]}, 1ms, valid
  PSO: {[3,10], [8,10], [5,6], [4,3], [6,4], [0,7], [9,8], [7,2], [10,5], [2,1], [1,9]}, 47030ms, not valid, fitness = 1.0 (adj = 0, att = 1)

Level 85:
  Backtracking: {[3,4], [10,8], [6,6], [1,5], [7,10], [4,1], [9,3], [8,7], [5,9], [0,0], [2,2]}, 0ms, valid
  PSO: {[4,4], [10,8], [6,6], [1,5], [7,10], [9,0], [10,2], [8,7], [5,9], [0,3], [3,1]}, 47469ms, not valid, fitness = 1.0 (adj = 0, att = 1)

Level 86:
  Backtracking: {[4,0], [10,9], [7,10], [2,7], [5,3], [9,1], [1,4], [0,6], [6,5], [3,2], [8,8]}, 0ms, valid
  PSO: {[5,1], [10,10], [7,10], [3,9], [4,7], [9,3], [1,4], [0,6], [6,5], [2,2], [8,8]}, 47352ms, not valid, fitness = 1.0 (adj = 0, att = 1)

Level 87:
  Backtracking: {[4,4], [10,10], [5,9], [2,3], [8,5], [0,2], [9,8], [7,7], [6,1], [1,0], [3,6]}, 0ms, valid
  PSO: {[4,5], [10,10], [5,9], [2,3], [7,6], [0,4], [9,8], [8,10], [6,2], [1,0], [3,7]}, 47412ms, not valid, fitness = 1.0 (adj = 0, att = 1)

Level 88:
  Backtracking: {[4,8], [10,5], [3,6], [1,0], [7,4], [0,10], [9,3], [8,1], [6,7], [2,9], [5,2]}, 0ms, valid
  PSO: {[4,8], [10,5], [3,6], [1,0], [7,4], [0,10], [9,3], [8,1], [6,7], [2,9], [5,2]}, 283ms, valid

Level 89:
  Backtracking: {[7,1], [10,2], [4,10], [2,6], [3,4], [5,7], [8,8], [6,9], [0,5], [1,3], [9,0]}, 2ms, valid
  PSO: {[5,2], [10,5], [4,10], [2,6], [3,4], [7,7], [8,9], [6,9], [0,8], [1,3], [9,1]}, 47645ms, not valid, fitness = 1.0 (adj = 0, att = 1)

Level 90:
  Backtracking: {[3,3], [10,9], [4,1], [2,5], [8,2], [1,0], [9,7], [6,8], [5,10], [0,4], [7,6]}, 1ms, valid
  PSO: {[3,4], [10,9], [4,2], [1,7], [8,0], [0,1], [9,5], [6,8], [5,10], [0,3], [7,6]}, 47251ms, not valid, fitness = 1.0 (adj = 0, att = 1)

Level 91:
  Backtracking: {[6,8], [8,4], [4,7], [9,1], [2,2], [7,6], [1,5], [10,3], [5,10], [0,9], [3,0]}, 0ms, valid
  PSO: {[10,10], [9,4], [4,7], [8,1], [2,2], [6,5], [1,6], [7,3], [5,10], [0,9], [3,0]}, 45769ms, not valid, fitness = 1.0 (adj = 0, att = 1)

Level 92:
  Backtracking: {[9,9], [10,3], [6,1], [1,10], [5,5], [2,8], [8,2], [4,0], [7,4], [0,7], [3,6]}, 1ms, valid
  PSO: {[9,8], [10,3], [6,1], [1,10], [5,4], [2,7], [8,2], [4,0], [10,5], [0,6], [7,9]}, 46454ms, not valid, fitness = 1.0 (adj = 0, att = 1)

Level 93:
  Backtracking: {[2,5], [5,8], [7,4], [3,7], [6,2], [0,6], [8,1], [9,9], [10,0], [1,3], [4,10]}, 0ms, valid
  PSO: {[3,6], [6,9], [7,4], [4,8], [5,2], [0,5], [8,1], [9,10], [10,0], [1,3], [2,10]}, 45942ms, not valid, fitness = 1.0 (adj = 0, att = 1)

Level 94:
  Backtracking: {[2,6], [10,2], [7,9], [1,10], [6,0], [3,3], [9,4], [8,1], [4,7], [0,8], [5,5]}, 1ms, valid
  PSO: {[2,6], [10,2], [7,9], [1,10], [6,0], [3,3], [9,4], [8,1], [4,7], [0,8], [5,5]}, 492ms, valid

Level 95:
  Backtracking: {[3,8], [9,6], [7,9], [1,5], [5,7], [0,3], [10,1], [6,4], [2,0], [8,2], [4,10]}, 0ms, valid
  PSO: {[3,3], [9,6], [7,8], [1,5], [5,7], [2,7], [10,0], [6,4], [0,1], [8,2], [4,9]}, 45940ms, not valid, fitness = 1.0 (adj = 0, att = 1)

Level 96:
  Backtracking: {[6,1], [8,8], [4,0], [2,5], [3,3], [0,7], [9,6], [7,10], [10,4], [1,2], [5,9]}, 0ms, valid
  PSO: {[6,1], [8,8], [4,0], [2,5], [3,3], [0,7], [9,6], [7,10], [10,4], [1,2], [5,9]}, 397ms, valid

Level 97:
  Backtracking: {[4,8], [10,10], [9,5], [2,3], [6,7], [0,4], [7,2], [5,0], [8,9], [1,1], [3,6]}, 0ms, valid
  PSO: {[4,8], [9,8], [10,5], [1,3], [6,7], [0,10], [8,4], [5,0], [7,9], [2,1], [3,6]}, 45824ms, not valid, fitness = 1.0 (adj = 0, att = 1)

Level 98:
  Backtracking: {[3,0], [10,6], [8,7], [5,2], [4,8], [1,5], [2,9], [6,4], [7,1], [0,3], [9,10]}, 1ms, valid
  PSO: {[3,0], [10,6], [8,6], [6,3], [4,7], [1,5], [5,10], [2,2], [7,1], [0,9], [9,8]}, 46067ms, not valid, fitness = 1.0 (adj = 0, att = 1)

Level 99:
  Backtracking: {[5,8], [9,5], [7,9], [2,0], [3,2], [1,6], [8,7], [10,3], [4,10], [0,1], [6,4]}, 1ms, valid
  PSO: {[5,9], [9,8], [6,7], [2,0], [2,2], [1,6], [7,5], [10,4], [3,10], [0,1], [4,3]}, 46237ms, not valid, fitness = 1.0 (adj = 0, att = 1)

Level 100:
  Backtracking: {[3,9], [10,7], [7,2], [4,3], [6,6], [0,8], [9,1], [8,4], [5,0], [1,10], [2,5]}, 0ms, valid
  PSO: {[4,9], [10,7], [9,5], [3,1], [6,6], [0,8], [10,2], [8,3], [7,0], [1,10], [5,4]}, 46395ms, not valid, fitness = 1.0 (adj = 0, att = 1)

