======= 12x12 | Batch 5 =======
Level 201:
  Backtracking: {[10,5], [4,9], [6,10], [5,1], [2,4], [1,8], [7,3], [9,0], [0,11], [11,2], [8,7], [3,6]}, 1ms, valid
  PSO: {[10,6], [4,9], [6,10], [5,1], [1,5], [0,2], [7,3], [9,0], [2,11], [11,4], [8,7], [3,7]}, 48070ms, not valid, fitness = 1.0 (adj = 0, att = 1)

Level 202:
  Backtracking: {[11,4], [3,10], [9,8], [6,3], [4,5], [0,1], [7,9], [8,0], [1,7], [5,11], [10,6], [2,2]}, 0ms, valid
  PSO: {[11,4], [1,9], [9,10], [6,3], [3,8], [0,1], [8,5], [7,0], [2,6], [4,11], [10,7], [2,2]}, 47449ms, not valid, fitness = 1.0 (adj = 0, att = 1)

Level 203:
  Backtracking: {[10,5], [2,6], [4,10], [5,7], [1,2], [8,0], [0,9], [11,1], [9,3], [7,8], [6,11], [3,4]}, 0ms, valid
  PSO: {[10,6], [2,8], [4,10], [5,7], [0,5], [7,0], [1,11], [11,2], [9,3], [8,9], [6,11], [3,4]}, 47655ms, not valid, fitness = 1.0 (adj = 0, att = 1)

Level 204:
  Backtracking: {[11,9], [2,2], [8,4], [10,0], [3,7], [1,6], [6,3], [7,11], [0,8], [5,1], [9,10], [4,5]}, 0ms, valid
  PSO: {[11,9], [3,2], [10,7], [8,1], [5,10], [1,6], [6,3], [7,11], [0,8], [4,0], [9,10], [2,4]}, 47956ms, not valid, fitness = 1.0 (adj = 0, att = 1)

Level 205:
  Backtracking: {[10,0], [2,11], [11,6], [5,5], [3,4], [1,9], [6,10], [4,1], [0,3], [7,8], [8,2], [9,7]}, 0ms, valid
  PSO: {[10,0], [2,11], [11,6], [5,5], [3,4], [1,9], [6,10], [4,1], [0,3], [7,8], [8,2], [9,7]}, 417ms, valid

Level 206:
  Backtracking: {[10,6], [2,5], [8,7], [6,9], [5,2], [0,1], [7,4], [9,11], [1,3], [3,10], [11,8], [4,0]}, 0ms, valid
  PSO: {[10,8], [5,7], [11,4], [4,9], [6,3], [0,1], [8,5], [9,11], [1,6], [2,10], [7,10], [3,0]}, 48169ms, not valid, fitness = 1.0 (adj = 0, att = 1)

Level 207:
  Backtracking: {[8,1], [2,6], [11,9], [6,3], [3,8], [0,2], [7,5], [5,0], [1,4], [4,11], [10,7], [9,10]}, 0ms, valid
  PSO: {[9,1], [2,6], [11,9], [6,3], [4,10], [0,0], [7,5], [3,2], [2,4], [1,8], [10,7], [8,11]}, 47645ms, not valid, fitness = 1.0 (adj = 0, att = 1)

Level 208:
  Backtracking: {[10,8], [1,7], [11,0], [7,3], [3,4], [4,9], [2,2], [8,6], [5,5], [0,11], [6,10], [9,1]}, 0ms, valid
  PSO: {[10,8], [1,7], [11,0], [7,3], [3,4], [4,9], [2,2], [8,6], [5,5], [0,11], [6,10], [9,1]}, 427ms, valid

Level 209:
  Backtracking: {[10,2], [5,3], [11,0], [6,7], [0,10], [1,4], [8,5], [9,8], [3,9], [7,1], [2,11], [4,6]}, 1ms, valid
  PSO: {[10,2], [5,1], [11,0], [7,7], [1,8], [2,3], [8,4], [9,9], [6,10], [11,6], [3,11], [4,5]}, 47959ms, not valid, fitness = 1.0 (adj = 0, att = 1)

Level 210:
  Backtracking: {[11,10], [5,5], [10,8], [8,0], [4,2], [0,4], [7,3], [1,7], [9,6], [3,9], [6,11], [2,1]}, 0ms, valid
  PSO: {[11,10], [5,5], [9,9], [8,0], [4,3], [1,6], [10,2], [0,8], [10,4], [7,7], [6,11], [3,1]}, 48146ms, not valid, fitness = 1.0 (adj = 0, att = 1)

Level 211:
  Backtracking: {[9,0], [2,8], [10,3], [5,7], [6,5], [1,1], [7,11], [11,9], [0,10], [3,6], [8,2], [4,4]}, 1ms, valid
  PSO: {[9,0], [2,10], [10,3], [5,7], [6,5], [1,1], [7,11], [11,9], [0,10], [3,8], [8,2], [4,4]}, 48599ms, not valid, fitness = 1.0 (adj = 0, att = 1)

Level 212:
  Backtracking: {[11,4], [3,6], [8,0], [5,10], [1,11], [2,2], [6,5], [9,9], [0,3], [7,7], [10,1], [4,8]}, 1ms, valid
  PSO: {[11,4], [3,6], [8,0], [5,9], [2,11], [0,1], [7,3], [9,8], [1,5], [10,10], [11,2], [6,7]}, 49157ms, not valid, fitness = 1.0 (adj = 0, att = 1)

Level 213:
  Backtracking: {[11,8], [4,10], [8,5], [7,7], [5,6], [0,4], [10,2], [9,0], [6,11], [1,1], [3,3], [2,9]}, 1ms, valid
  PSO: {[11,8], [4,10], [8,5], [7,7], [5,7], [0,6], [10,2], [9,0], [6,11], [1,1], [3,3], [2,9]}, 49447ms, not valid, fitness = 1.0 (adj = 0, att = 1)

Level 214:
  Backtracking: {[11,6], [2,3], [10,1], [6,8], [5,0], [0,4], [7,10], [9,7], [1,11], [8,2], [3,9], [4,5]}, 2ms, valid
  PSO: {[11,6], [3,0], [11,2], [6,8], [7,3], [0,7], [9,9], [10,11], [1,10], [8,1], [2,4], [4,5]}, 48935ms, not valid, fitness = 1.0 (adj = 0, att = 1)

Level 215:
  Backtracking: {[10,5], [6,4], [11,0], [5,10], [4,8], [0,2], [7,7], [2,9], [9,1], [1,6], [8,3], [3,11]}, 1ms, valid
  PSO: {[9,5], [4,3], [10,0], [5,10], [7,10], [0,4], [6,7], [2,9], [8,1], [1,6], [11,8], [3,11]}, 48448ms, not valid, fitness = 1.0 (adj = 0, att = 1)

Level 216:
  Backtracking: {[10,6], [0,5], [8,11], [6,10], [5,7], [2,0], [7,2], [11,4], [4,1], [1,9], [9,3], [3,8]}, 0ms, valid
  PSO: {[10,6], [0,5], [11,11], [6,10], [5,7], [4,0], [9,1], [10,4], [3,2], [1,9], [8,3], [7,8]}, 48083ms, not valid, fitness = 1.0 (adj = 0, att = 1)

Level 217:
  Backtracking: {[11,6], [1,3], [8,2], [3,7], [6,5], [0,1], [5,9], [7,10], [4,11], [2,0], [9,4], [10,8]}, 0ms, valid
  PSO: {[11,6], [1,3], [4,2], [3,7], [7,5], [0,1], [5,9], [6,11], [2,10], [2,0], [9,4], [10,8]}, 47732ms, not valid, fitness = 1.0 (adj = 0, att = 1)

Level 218:
  Backtracking: {[11,9], [5,7], [9,11], [6,0], [4,1], [1,4], [7,10], [8,3], [0,2], [2,6], [10,5], [3,8]}, 1ms, valid
  PSO: {[11,8], [5,7], [10,11], [6,0], [4,1], [0,9], [7,10], [8,4], [1,2], [2,5], [9,6], [3,7]}, 48180ms, not valid, fitness = 1.0 (adj = 0, att = 1)

Level 219:
  Backtracking: {[11,9], [0,7], [10,3], [9,5], [4,4], [5,0], [8,2], [7,10], [1,11], [3,1], [6,8], [2,6]}, 0ms, valid
  PSO: {[11,9], [2,10], [11,4], [9,5], [7,1], [4,0], [8,3], [10,7], [0,11], [1,2], [6,8], [3,6]}, 47666ms, not valid, fitness = 1.0 (adj = 0, att = 1)

Level 220:
  Backtracking: {[11,10], [4,9], [5,6], [2,8], [6,0], [0,1], [8,7], [9,5], [1,11], [10,3], [7,4], [3,2]}, 0ms, valid
  PSO: {[9,11], [2,10], [6,1], [4,7], [1,4], [0,0], [8,8], [11,9], [0,6], [10,3], [7,5], [3,2]}, 47509ms, not valid, fitness = 1.0 (adj = 0, att = 1)

Level 221:
  Backtracking: {[11,9], [3,0], [10,7], [9,5], [6,4], [0,3], [8,1], [5,10], [4,2], [2,11], [7,6], [1,8]}, 1ms, valid
  PSO: {[11,9], [3,1], [10,7], [9,5], [4,10], [0,4], [5,0], [6,11], [8,3], [2,11], [7,6], [1,8]}, 47876ms, not valid, fitness = 1.0 (adj = 0, att = 1)

Level 222:
  Backtracking: {[11,5], [2,8], [8,6], [5,0], [4,11], [0,1], [7,10], [9,9], [1,3], [10,7], [3,2], [6,4]}, 1ms, valid
  PSO: {[11,5], [2,8], [7,6], [8,1], [5,10], [0,0], [8,11], [9,9], [1,3], [10,7], [3,2], [6,4]}, 46193ms, not valid, fitness = 1.0 (adj = 0, att = 1)

Level 223:
  Backtracking: {[11,6], [2,8], [8,2], [3,4], [7,0], [0,1], [6,11], [9,10], [4,9], [1,5], [5,7], [10,3]}, 1ms, valid
  PSO: {[10,8], [2,8], [11,1], [3,4], [7,3], [0,2], [6,11], [8,10], [4,9], [1,5], [5,7], [9,6]}, 45873ms, not valid, fitness = 1.0 (adj = 0, att = 1)

Level 224:
  Backtracking: {[11,2], [4,9], [9,7], [8,11], [5,1], [0,8], [6,3], [10,5], [3,4], [1,10], [7,6], [2,0]}, 2ms, valid
  PSO: {[11,5], [4,9], [9,7], [9,11], [5,1], [0,8], [6,3], [8,2], [3,4], [1,10], [7,6], [2,0]}, 45601ms, not valid, fitness = 1.0 (adj = 0, att = 1)

Level 225:
  Backtracking: {[11,3], [3,4], [9,11], [7,7], [2,0], [0,5], [8,9], [6,10], [4,6], [1,2], [10,8], [5,1]}, 1ms, valid
  PSO: {[11,3], [6,5], [9,11], [5,8], [1,1], [0,10], [8,9], [3,11], [4,6], [2,4], [10,7], [7,0]}, 45596ms, not valid, fitness = 1.0 (adj = 0, att = 1)

Level 226:
  Backtracking: {[10,4], [5,3], [11,2], [7,5], [6,8], [0,0], [3,9], [8,10], [1,11], [2,1], [9,7], [4,6]}, 0ms, valid
  PSO: {[10,4], [5,3], [11,2], [7,5], [6,7], [0,0], [3,9], [8,10], [1,11], [9,1], [11,8], [4,6]}, 45739ms, not valid, fitness = 1.0 (adj = 0, att = 1)

Level 227:
  Backtracking: {[9,5], [5,4], [11,2], [7,9], [3,1], [1,6], [6,11], [10,10], [2,3], [4,8], [8,7], [0,0]}, 0ms, valid
  PSO: {[10,4], [7,5], [11,2], [8,9], [5,1], [1,8], [6,11], [11,10], [2,3], [4,7], [9,6], [3,0]}, 45782ms, not valid, fitness = 1.0 (adj = 0, att = 1)

Level 228:
  Backtracking: {[11,10], [5,11], [10,6], [4,7], [3,5], [1,3], [8,4], [9,1], [6,0], [2,8], [7,2], [0,9]}, 0ms, valid
  PSO: {[11,10], [5,11], [10,6], [4,9], [6,7], [0,2], [7,5], [9,1], [3,4], [2,8], [8,3], [1,11]}, 45622ms, not valid, fitness = 1.0 (adj = 0, att = 1)

Level 229:
  Backtracking: {[10,8], [2,4], [11,2], [6,5], [3,10], [0,3], [7,7], [9,6], [8,11], [1,0], [5,9], [4,1]}, 0ms, valid
  PSO: {[10,10], [3,5], [11,2], [5,6], [1,9], [0,4], [7,7], [9,8], [8,11], [2,0], [6,10], [4,1]}, 43998ms, not valid, fitness = 1.0 (adj = 0, att = 1)

Level 230:
  Backtracking: {[10,10], [2,1], [9,6], [8,4], [5,2], [1,7], [7,11], [3,8], [0,5], [11,3], [6,9], [4,0]}, 0ms, valid
  PSO: {[10,10], [2,1], [9,7], [8,4], [5,2], [0,8], [7,11], [3,8], [1,6], [11,3], [6,9], [4,0]}, 43376ms, not valid, fitness = 1.0 (adj = 0, att = 1)

Level 231:
  Backtracking: {[4,10], [3,3], [9,8], [7,9], [6,11], [0,4], [10,1], [8,2], [5,6], [1,0], [11,7], [2,5]}, 0ms, valid
  PSO: {[4,10], [3,3], [9,8], [7,9], [6,11], [0,4], [5,1], [8,2], [0,7], [1,0], [11,6], [2,5]}, 43320ms, not valid, fitness = 1.0 (adj = 0, att = 1)

Level 232:
  Backtracking: {[11,9], [1,7], [8,3], [5,10], [0,2], [3,1], [7,8], [9,6], [10,11], [2,5], [6,0], [4,4]}, 0ms, valid
  PSO: {[11,8], [1,9], [8,4], [4,10], [3,3], [2,1], [7,8], [9,7], [10,11], [0,5], [6,0], [5,6]}, 42900ms, not valid, fitness = 1.0 (adj = 0, att = 1)

Level 233:
  Backtracking: {[4,8], [10,1], [11,4], [1,11], [0,2], [8,5], [5,6], [7,7], [2,9], [3,3], [9,10], [6,0]}, 0ms, valid
  PSO: {[4,8], [9,2], [11,1], [4,10], [1,5], [8,4], [5,6], [7,7], [2,9], [3,3], [10,11], [6,0]}, 43339ms, not valid, fitness = 1.0 (adj = 0, att = 1)

Level 234:
  Backtracking: {[0,6], [1,0], [10,2], [7,9], [5,8], [11,4], [6,3], [9,5], [2,10], [3,1], [8,7], [4,11]}, 1ms, valid
  PSO: {[1,7], [0,0], [10,2], [7,8], [5,9], [11,4], [6,3], [9,8], [2,10], [3,5], [8,6], [4,11]}, 42807ms, not valid, fitness = 1.0 (adj = 0, att = 1)

Level 235:
  Backtracking: {[11,3], [2,8], [9,6], [5,9], [7,5], [4,1], [10,10], [8,2], [0,4], [1,0], [6,7], [3,11]}, 0ms, valid
  PSO: {[11,3], [1,8], [9,6], [4,9], [5,4], [3,1], [10,11], [8,2], [0,5], [1,0], [6,7], [2,10]}, 42230ms, not valid, fitness = 1.0 (adj = 0, att = 1)

Level 236:
  Backtracking: {[10,7], [4,6], [8,8], [3,4], [1,0], [9,1], [2,2], [11,9], [7,10], [0,3], [5,11], [6,5]}, 0ms, valid
  PSO: {[11,7], [4,6], [9,8], [6,4], [1,1], [10,2], [3,0], [11,9], [7,10], [0,3], [5,11], [8,5]}, 41302ms, not valid, fitness = 1.0 (adj = 0, att = 1)

Level 237:
  Backtracking: {[6,6], [5,8], [9,7], [4,10], [2,1], [11,11], [7,2], [10,9], [1,4], [8,5], [3,3], [0,0]}, 0ms, valid
  PSO: {[6,6], [5,9], [9,7], [4,11], [2,1], [11,10], [7,2], [10,8], [0,4], [8,5], [3,3], [0,0]}, 41486ms, not valid, fitness = 2.0 (adj = 1, att = 1)

Level 238:
  Backtracking: {[9,8], [5,11], [7,9], [3,10], [2,7], [6,1], [1,3], [10,6], [4,5], [8,2], [11,4], [0,0]}, 0ms, valid
  PSO: {[9,7], [5,11], [7,9], [3,10], [2,7], [6,1], [1,3], [11,8], [4,6], [8,0], [10,4], [0,5]}, 41298ms, not valid, fitness = 1.0 (adj = 0, att = 1)

Level 239:
  Backtracking: {[5,5], [8,2], [11,6], [9,10], [7,9], [6,3], [1,0], [0,4], [3,1], [10,8], [2,11], [4,7]}, 1ms, valid
  PSO: {[5,4], [7,2], [11,6], [10,10], [8,9], [9,3], [4,0], [0,5], [2,1], [11,8], [3,11], [6,7]}, 41096ms, not valid, fitness = 1.0 (adj = 0, att = 1)

Level 240:
  Backtracking: {[11,6], [0,8], [10,4], [4,5], [3,10], [6,2], [8,9], [2,1], [7,11], [5,0], [1,3], [9,7]}, 0ms, valid
  PSO: {[11,9], [0,8], [10,5], [6,6], [4,10], [7,4], [8,9], [5,2], [8,11], [3,0], [1,3], [9,7]}, 41063ms, not valid, fitness = 2.0 (adj = 0, att = 2)

Level 241:
  Backtracking: {[4,0], [5,10], [10,7], [1,3], [0,1], [2,11], [11,5], [9,2], [3,9], [7,4], [8,8], [6,6]}, 0ms, valid
  PSO: {[4,0], [5,10], [10,7], [1,3], [0,1], [2,11], [11,5], [9,2], [3,9], [7,4], [8,8], [6,6]}, 265ms, valid

Level 242:
  Backtracking: {[6,0], [7,2], [11,11], [5,3], [3,4], [9,5], [2,10], [8,7], [4,1], [10,8], [1,6], [0,9]}, 0ms, valid
  PSO: {[6,0], [7,2], [10,11], [5,3], [4,5], [11,6], [2,10], [8,10], [3,1], [9,8], [1,7], [0,9]}, 41603ms, not valid, fitness = 1.0 (adj = 0, att = 1)

Level 243:
  Backtracking: {[6,7], [4,5], [7,9], [3,10], [2,4], [8,3], [10,6], [9,8], [5,1], [0,2], [1,0], [11,11]}, 0ms, valid
  PSO: {[6,6], [4,5], [7,9], [3,10], [2,4], [8,3], [10,6], [9,8], [5,0], [1,7], [0,1], [11,11]}, 41949ms, not valid, fitness = 1.0 (adj = 0, att = 1)

Level 244:
  Backtracking: {[4,2], [10,11], [6,4], [5,6], [3,0], [9,8], [7,9], [8,5], [11,7], [1,1], [0,10], [2,3]}, 0ms, valid
  PSO: {[8,2], [10,11], [6,4], [5,6], [3,0], [9,8], [7,9], [10,5], [11,7], [1,1], [0,10], [4,3]}, 41687ms, not valid, fitness = 1.0 (adj = 0, att = 1)

Level 245:
  Backtracking: {[6,8], [4,4], [10,9], [8,10], [0,0], [1,3], [7,2], [11,11], [3,7], [9,1], [2,5], [5,6]}, 1ms, valid
  PSO: {[6,8], [4,4], [10,9], [8,10], [0,0], [1,3], [7,2], [11,11], [3,7], [9,1], [2,5], [5,6]}, 279ms, valid

Level 246:
  Backtracking: {[5,10], [3,2], [10,8], [9,11], [1,3], [4,4], [8,9], [7,1], [0,7], [6,5], [11,6], [2,0]}, 0ms, valid
  PSO: {[5,11], [3,3], [10,10], [8,11], [0,1], [4,5], [9,8], [7,4], [1,9], [6,6], [11,7], [2,0]}, 42073ms, not valid, fitness = 1.0 (adj = 0, att = 1)

Level 247:
  Backtracking: {[8,9], [10,11], [9,6], [7,7], [6,4], [5,2], [3,3], [0,1], [2,0], [4,10], [11,8], [1,5]}, 0ms, valid
  PSO: {[8,9], [10,11], [9,6], [7,7], [6,4], [5,2], [3,3], [0,1], [2,0], [4,10], [11,8], [1,5]}, 273ms, valid

Level 248:
  Backtracking: {[2,0], [9,8], [7,3], [5,4], [4,6], [0,7], [6,11], [10,5], [3,10], [11,2], [8,1], [1,9]}, 1ms, valid
  PSO: {[2,0], [10,8], [7,3], [9,6], [5,7], [0,11], [6,10], [11,5], [4,10], [11,2], [8,1], [1,9]}, 41461ms, not valid, fitness = 2.0 (adj = 0, att = 2)

Level 249:
  Backtracking: {[7,2], [3,1], [8,9], [6,5], [4,6], [5,8], [10,7], [0,4], [11,10], [1,0], [2,11], [9,3]}, 2ms, valid
  PSO: {[7,2], [3,1], [9,8], [6,5], [4,7], [5,9], [10,6], [2,9], [11,10], [0,0], [1,11], [8,4]}, 41729ms, not valid, fitness = 1.0 (adj = 0, att = 1)

Level 250:
  Backtracking: {[7,9], [4,0], [10,10], [9,7], [5,2], [6,6], [0,4], [2,5], [11,8], [3,3], [8,11], [1,1]}, 0ms, valid
  PSO: {[7,9], [4,0], [10,10], [9,7], [5,2], [6,6], [0,5], [2,6], [11,8], [3,4], [8,11], [1,1]}, 40949ms, not valid, fitness = 1.0 (adj = 0, att = 1)

