======= 10x10 | Batch 3 =======
Level 101:
  Backtracking: {[8,9], [0,8], [9,0], [3,7], [1,1], [4,2], [2,5], [7,3], [5,4], [6,6]}, 1ms, valid
  PSO: {[8,9], [0,8], [7,2], [3,7], [1,1], [4,3], [2,5], [9,7], [6,4], [5,6]}, 42274ms, not valid, fitness = 1.0 (adj = 0, att = 1)

Level 102:
  Backtracking: {[2,1], [7,2], [0,4], [6,7], [1,9], [5,5], [3,8], [8,0], [9,6], [4,3]}, 10ms, valid
  PSO: {[2,1], [5,0], [0,4], [6,7], [1,9], [7,5], [3,8], [9,2], [8,7], [4,3]}, 41424ms, not valid, fitness = 1.0 (adj = 0, att = 1)

Level 103:
  Backtracking: {[4,2], [6,6], [0,4], [3,7], [1,8], [8,5], [2,3], [5,0], [7,9], [9,1]}, 1ms, valid
  PSO: {[4,2], [7,6], [0,5], [5,7], [1,8], [6,4], [2,3], [8,1], [7,9], [3,0]}, 41263ms, not valid, fitness = 1.0 (adj = 0, att = 1)

Level 104:
  Backtracking: {[3,5], [4,7], [0,1], [6,8], [8,6], [9,3], [2,0], [7,4], [5,2], [1,9]}, 1ms, valid
  PSO: {[3,5], [3,7], [1,1], [2,9], [8,6], [9,3], [4,2], [7,4], [6,0], [0,8]}, 41028ms, not valid, fitness = 1.0 (adj = 0, att = 1)

Level 105:
  Backtracking: {[1,8], [5,6], [0,1], [9,5], [2,2], [7,7], [3,0], [8,3], [6,9], [4,4]}, 1ms, valid
  PSO: {[2,8], [6,4], [0,2], [9,6], [3,1], [7,7], [5,0], [8,3], [6,9], [4,5]}, 41081ms, not valid, fitness = 1.0 (adj = 0, att = 1)

Level 106:
  Backtracking: {[2,5], [5,9], [0,0], [3,8], [4,1], [7,2], [1,7], [9,3], [8,6], [6,4]}, 0ms, valid
  PSO: {[1,6], [5,9], [0,0], [7,8], [4,1], [6,2], [3,7], [9,3], [8,5], [5,4]}, 41777ms, not valid, fitness = 1.0 (adj = 0, att = 1)

Level 107:
  Backtracking: {[3,9], [6,7], [0,8], [4,5], [2,6], [7,4], [5,3], [9,2], [8,0], [1,1]}, 0ms, valid
  PSO: {[3,9], [6,7], [0,8], [4,5], [2,6], [7,4], [5,3], [9,2], [8,0], [1,1]}, 251ms, valid

Level 108:
  Backtracking: {[2,2], [3,8], [0,7], [6,3], [1,9], [9,0], [5,5], [7,6], [8,4], [4,1]}, 0ms, valid
  PSO: {[3,2], [4,7], [0,6], [6,3], [2,9], [9,0], [5,5], [9,8], [8,4], [7,1]}, 41263ms, not valid, fitness = 1.0 (adj = 0, att = 1)

Level 109:
  Backtracking: {[3,9], [6,3], [1,8], [4,4], [0,0], [9,5], [2,6], [8,2], [7,7], [5,1]}, 0ms, valid
  PSO: {[0,9], [6,3], [1,7], [4,4], [2,0], [8,5], [3,6], [8,2], [9,8], [5,1]}, 41398ms, not valid, fitness = 1.0 (adj = 0, att = 1)

Level 110:
  Backtracking: {[1,1], [6,6], [0,4], [5,9], [2,5], [7,8], [3,3], [8,2], [9,0], [4,7]}, 0ms, valid
  PSO: {[1,1], [6,6], [0,4], [5,9], [2,5], [7,8], [3,3], [8,2], [9,0], [4,7]}, 366ms, valid

Level 111:
  Backtracking: {[4,8], [5,5], [0,3], [2,0], [1,7], [7,2], [3,6], [9,1], [8,4], [6,9]}, 0ms, valid
  PSO: {[4,8], [5,5], [0,3], [2,0], [1,7], [7,2], [3,6], [9,1], [8,4], [6,9]}, 276ms, valid

Level 112:
  Backtracking: {[2,7], [7,8], [1,2], [6,5], [0,6], [4,3], [3,9], [9,0], [8,4], [5,1]}, 0ms, valid
  PSO: {[2,7], [7,8], [1,2], [6,5], [0,6], [4,3], [3,9], [9,0], [8,4], [5,1]}, 254ms, valid

Level 113:
  Backtracking: {[1,5], [7,9], [0,1], [6,7], [2,3], [8,6], [3,8], [9,4], [5,0], [4,2]}, 0ms, valid
  PSO: {[4,5], [6,9], [0,1], [7,7], [2,4], [9,6], [3,8], [9,2], [8,0], [5,3]}, 41768ms, not valid, fitness = 1.0 (adj = 0, att = 1)

Level 114:
  Backtracking: {[0,3], [7,5], [4,4], [2,0], [1,6], [5,2], [3,9], [8,8], [9,1], [6,7]}, 0ms, valid
  PSO: {[0,5], [7,6], [4,2], [2,0], [1,7], [6,4], [3,9], [8,9], [9,1], [5,8]}, 41484ms, not valid, fitness = 1.0 (adj = 0, att = 1)

Level 115:
  Backtracking: {[2,4], [7,9], [1,0], [6,2], [0,6], [9,8], [4,7], [3,1], [8,3], [5,5]}, 0ms, valid
  PSO: {[2,4], [7,9], [1,0], [6,2], [0,6], [9,8], [4,7], [3,1], [8,3], [5,5]}, 345ms, valid

Level 116:
  Backtracking: {[2,6], [4,5], [1,8], [3,3], [0,1], [6,2], [5,7], [8,0], [7,9], [9,4]}, 0ms, valid
  PSO: {[2,6], [4,5], [1,8], [3,3], [0,1], [6,2], [5,7], [8,0], [7,9], [9,4]}, 265ms, valid

Level 117:
  Backtracking: {[0,1], [7,4], [1,3], [4,7], [2,8], [6,6], [3,5], [9,0], [8,2], [5,9]}, 0ms, valid
  PSO: {[1,0], [6,4], [0,6], [4,7], [2,9], [7,8], [3,5], [9,1], [8,3], [5,9]}, 41306ms, not valid, fitness = 1.0 (adj = 0, att = 1)

Level 118:
  Backtracking: {[2,5], [5,4], [4,0], [9,1], [0,2], [7,6], [1,7], [8,8], [6,9], [3,3]}, 1ms, valid
  PSO: {[2,5], [5,4], [4,0], [9,1], [0,2], [7,6], [1,7], [8,8], [6,9], [3,3]}, 179ms, valid

Level 119:
  Backtracking: {[1,9], [5,5], [0,2], [4,0], [2,6], [7,7], [6,3], [9,1], [8,4], [3,8]}, 0ms, valid
  PSO: {[2,7], [6,8], [0,2], [5,0], [1,5], [7,6], [3,1], [9,1], [8,3], [4,9]}, 41234ms, not valid, fitness = 1.0 (adj = 0, att = 1)

Level 120:
  Backtracking: {[1,3], [7,4], [2,0], [5,8], [0,5], [8,6], [3,7], [9,9], [6,2], [4,1]}, 0ms, valid
  PSO: {[1,3], [7,4], [2,0], [5,8], [0,5], [8,6], [3,7], [9,9], [6,2], [4,1]}, 255ms, valid

Level 121:
  Backtracking: {[3,9], [6,1], [1,8], [4,2], [0,6], [8,3], [5,7], [9,0], [7,5], [2,4]}, 0ms, valid
  PSO: {[3,9], [6,1], [1,8], [4,2], [0,6], [8,3], [5,7], [9,0], [7,5], [2,4]}, 174ms, valid

Level 122:
  Backtracking: {[3,7], [5,8], [2,3], [7,4], [0,6], [6,1], [1,0], [9,9], [8,2], [4,5]}, 0ms, valid
  PSO: {[3,7], [5,8], [2,3], [7,4], [0,6], [6,1], [1,0], [9,9], [8,2], [4,5]}, 271ms, valid

Level 123:
  Backtracking: {[7,0], [4,1], [0,6], [5,3], [9,9], [3,8], [1,2], [8,4], [6,7], [2,5]}, 0ms, valid
  PSO: {[7,0], [4,1], [0,4], [5,3], [9,6], [3,8], [1,2], [8,3], [6,7], [2,5]}, 42041ms, not valid, fitness = 1.0 (adj = 0, att = 1)

Level 124:
  Backtracking: {[2,0], [6,5], [0,1], [5,7], [1,9], [9,8], [3,2], [8,6], [7,3], [4,4]}, 1ms, valid
  PSO: {[3,0], [6,5], [0,3], [5,7], [1,9], [7,8], [4,2], [8,6], [9,4], [2,6]}, 42436ms, not valid, fitness = 1.0 (adj = 0, att = 1)

Level 125:
  Backtracking: {[1,3], [4,8], [0,5], [6,9], [3,2], [7,1], [2,7], [9,0], [8,6], [5,4]}, 0ms, valid
  PSO: {[2,5], [6,7], [0,4], [5,3], [3,2], [7,1], [1,9], [9,0], [8,5], [4,6]}, 41641ms, not valid, fitness = 1.0 (adj = 0, att = 1)

Level 126:
  Backtracking: {[2,9], [7,4], [0,0], [5,3], [1,2], [6,7], [3,1], [9,8], [8,6], [4,5]}, 1ms, valid
  PSO: {[1,8], [5,5], [0,1], [9,3], [2,4], [6,7], [3,2], [7,9], [8,6], [4,8]}, 41312ms, not valid, fitness = 1.0 (adj = 0, att = 1)

Level 127:
  Backtracking: {[3,4], [8,5], [0,7], [5,8], [1,3], [6,6], [4,0], [7,2], [9,1], [2,9]}, 0ms, valid
  PSO: {[2,5], [8,5], [0,7], [5,8], [1,3], [6,6], [4,0], [7,2], [9,1], [3,9]}, 41686ms, not valid, fitness = 1.0 (adj = 0, att = 1)

Level 128:
  Backtracking: {[2,0], [5,9], [0,6], [6,2], [1,4], [7,8], [3,7], [9,1], [8,5], [4,3]}, 0ms, valid
  PSO: {[2,0], [5,9], [0,6], [6,2], [1,4], [7,8], [3,7], [9,1], [8,5], [4,3]}, 279ms, valid

Level 129:
  Backtracking: {[2,3], [9,0], [0,5], [1,1], [5,9], [7,4], [3,8], [8,6], [6,7], [4,2]}, 3ms, valid
  PSO: {[2,3], [6,0], [0,4], [1,1], [1,6], [7,5], [3,7], [9,9], [5,8], [4,2]}, 40956ms, not valid, fitness = 1.0 (adj = 0, att = 1)

Level 130:
  Backtracking: {[3,4], [6,9], [0,8], [5,2], [1,6], [7,7], [4,0], [9,5], [8,3], [2,1]}, 1ms, valid
  PSO: {[3,4], [6,9], [0,8], [5,2], [1,6], [7,7], [4,0], [9,5], [8,3], [2,1]}, 280ms, valid

Level 131:
  Backtracking: {[5,0], [3,3], [0,6], [6,2], [1,9], [7,4], [4,8], [9,5], [8,1], [2,7]}, 1ms, valid
  PSO: {[1,2], [4,4], [0,7], [5,1], [0,9], [6,3], [3,6], [9,5], [7,0], [2,8]}, 41452ms, not valid, fitness = 1.0 (adj = 0, att = 1)

Level 132:
  Backtracking: {[0,6], [6,7], [1,0], [5,4], [3,2], [7,1], [2,5], [8,8], [9,3], [4,9]}, 1ms, valid
  PSO: {[1,7], [6,7], [0,0], [5,4], [3,3], [7,1], [2,5], [8,8], [9,6], [4,9]}, 41748ms, not valid, fitness = 1.0 (adj = 0, att = 1)

Level 133:
  Backtracking: {[7,8], [4,7], [0,3], [5,5], [1,0], [6,1], [2,4], [8,6], [9,9], [3,2]}, 1ms, valid
  PSO: {[6,9], [3,8], [0,2], [4,4], [1,0], [7,5], [2,3], [9,6], [8,9], [5,1]}, 41343ms, not valid, fitness = 1.0 (adj = 0, att = 1)

Level 134:
  Backtracking: {[2,8], [6,5], [0,7], [5,3], [1,0], [7,2], [4,1], [8,9], [9,6], [3,4]}, 0ms, valid
  PSO: {[2,8], [6,5], [0,7], [5,3], [1,0], [7,2], [4,1], [8,9], [9,6], [3,4]}, 270ms, valid

Level 135:
  Backtracking: {[2,4], [9,5], [5,0], [0,6], [3,2], [6,3], [4,7], [8,1], [7,8], [1,9]}, 0ms, valid
  PSO: {[3,4], [4,2], [6,0], [0,6], [5,4], [7,3], [2,7], [9,1], [8,5], [1,9]}, 41356ms, not valid, fitness = 1.0 (adj = 0, att = 1)

Level 136:
  Backtracking: {[2,7], [5,4], [1,2], [6,1], [0,8], [7,5], [4,6], [9,9], [8,0], [3,3]}, 0ms, valid
  PSO: {[2,7], [8,3], [0,2], [7,0], [5,8], [6,5], [4,6], [9,9], [9,1], [3,4]}, 41408ms, not valid, fitness = 1.0 (adj = 0, att = 1)

Level 137:
  Backtracking: {[3,1], [8,5], [1,2], [5,6], [0,9], [7,7], [2,4], [9,8], [6,0], [4,3]}, 1ms, valid
  PSO: {[3,0], [9,6], [1,2], [6,9], [0,5], [7,7], [2,4], [9,8], [8,1], [4,3]}, 41871ms, not valid, fitness = 1.0 (adj = 0, att = 1)

Level 138:
  Backtracking: {[1,8], [5,2], [4,5], [2,1], [0,6], [8,3], [6,4], [9,7], [7,0], [3,9]}, 0ms, valid
  PSO: {[1,8], [5,2], [4,5], [2,1], [0,6], [8,3], [6,4], [9,7], [7,0], [3,9]}, 272ms, valid

Level 139:
  Backtracking: {[5,1], [2,9], [0,0], [4,6], [1,2], [8,5], [3,4], [9,8], [7,7], [6,3]}, 0ms, valid
  PSO: {[9,1], [5,8], [0,0], [4,6], [1,2], [8,5], [3,4], [8,9], [7,7], [6,3]}, 42071ms, not valid, fitness = 1.0 (adj = 0, att = 1)

Level 140:
  Backtracking: {[3,2], [7,3], [6,6], [2,0], [1,8], [8,5], [5,4], [0,1], [9,7], [4,9]}, 0ms, valid
  PSO: {[3,2], [7,3], [6,6], [2,0], [1,8], [8,5], [5,4], [0,1], [9,7], [4,9]}, 280ms, valid

Level 141:
  Backtracking: {[2,4], [6,0], [1,6], [5,5], [0,8], [7,2], [3,1], [8,9], [9,7], [4,3]}, 0ms, valid
  PSO: {[5,8], [6,0], [2,6], [5,5], [0,7], [9,2], [3,1], [8,9], [7,4], [4,3]}, 41937ms, not valid, fitness = 1.0 (adj = 0, att = 1)

Level 142:
  Backtracking: {[2,0], [6,5], [0,6], [4,1], [1,3], [7,7], [3,9], [8,4], [9,2], [5,8]}, 0ms, valid
  PSO: {[4,4], [7,5], [0,1], [6,2], [1,3], [7,7], [2,9], [9,6], [8,0], [5,8]}, 42144ms, not valid, fitness = 1.0 (adj = 0, att = 1)

Level 143:
  Backtracking: {[1,9], [8,6], [6,7], [3,5], [0,4], [4,8], [5,2], [9,0], [7,1], [2,3]}, 1ms, valid
  PSO: {[1,9], [8,6], [6,7], [3,5], [0,4], [4,8], [5,2], [9,0], [7,1], [2,3]}, 336ms, valid

Level 144:
  Backtracking: {[1,4], [5,8], [0,1], [7,3], [2,2], [9,9], [4,5], [8,6], [6,0], [3,7]}, 1ms, valid
  PSO: {[1,4], [6,7], [3,1], [7,3], [5,2], [7,9], [4,5], [8,6], [9,0], [2,8]}, 42129ms, not valid, fitness = 1.0 (adj = 0, att = 1)

Level 145:
  Backtracking: {[1,0], [7,5], [2,6], [4,1], [0,2], [6,8], [3,4], [9,7], [8,9], [5,3]}, 0ms, valid
  PSO: {[1,0], [7,5], [2,6], [4,1], [0,2], [6,8], [3,4], [9,7], [8,9], [5,3]}, 368ms, valid

Level 146:
  Backtracking: {[2,8], [4,0], [0,9], [6,7], [1,3], [7,1], [3,4], [9,2], [8,6], [5,5]}, 4ms, valid
  PSO: {[3,7], [4,0], [0,5], [8,8], [2,4], [7,1], [6,9], [9,2], [8,6], [5,3]}, 41878ms, not valid, fitness = 1.0 (adj = 0, att = 1)

Level 147:
  Backtracking: {[4,3], [5,1], [1,0], [7,9], [2,4], [0,5], [3,8], [9,7], [8,2], [6,6]}, 0ms, valid
  PSO: {[5,3], [6,1], [3,0], [7,9], [2,4], [0,5], [4,8], [9,7], [8,2], [6,6]}, 42506ms, not valid, fitness = 1.0 (adj = 0, att = 1)

Level 148:
  Backtracking: {[2,9], [6,1], [4,0], [5,8], [1,2], [7,3], [0,5], [8,7], [9,4], [3,6]}, 1ms, valid
  PSO: {[2,9], [7,0], [4,3], [5,8], [1,1], [7,2], [0,5], [8,7], [9,4], [3,6]}, 42357ms, not valid, fitness = 1.0 (adj = 0, att = 1)

Level 149:
  Backtracking: {[1,6], [5,0], [4,2], [7,5], [0,8], [6,3], [2,4], [9,1], [8,7], [3,9]}, 0ms, valid
  PSO: {[2,7], [5,1], [4,3], [6,6], [0,8], [9,5], [1,4], [8,0], [7,9], [3,9]}, 42481ms, not valid, fitness = 1.0 (adj = 0, att = 1)

Level 150:
  Backtracking: {[4,0], [3,6], [0,2], [9,5], [1,7], [6,4], [2,9], [8,3], [5,8], [7,1]}, 1ms, valid
  PSO: {[7,0], [3,8], [0,1], [4,6], [1,7], [6,5], [5,9], [8,3], [9,8], [2,4]}, 42664ms, not valid, fitness = 1.0 (adj = 0, att = 1)

