======= 12x12 | Batch 3 =======
Level 101:
  Backtracking: {[1,8], [5,11], [11,5], [7,7], [4,3], [0,1], [6,4], [8,9], [2,10], [10,2], [9,6], [3,0]}, 2ms, valid
  PSO: {[0,10], [4,11], [10,5], [7,6], [8,1], [1,2], [6,4], [9,7], [3,9], [11,3], [11,8], [5,0]}, 50404ms, not valid, fitness = 1.0 (adj = 0, att = 1)

Level 102:
  Backtracking: {[10,3], [3,9], [9,5], [11,7], [4,11], [2,0], [5,4], [7,1], [1,2], [0,10], [8,8], [6,6]}, 0ms, valid
  PSO: {[10,3], [3,9], [9,5], [11,7], [4,11], [2,0], [5,4], [7,1], [1,2], [0,10], [8,8], [6,6]}, 327ms, valid

Level 103:
  Backtracking: {[8,5], [5,10], [10,9], [9,2], [11,1], [0,4], [4,8], [7,3], [1,0], [2,11], [6,7], [3,6]}, 1ms, valid
  PSO: {[8,7], [5,10], [10,9], [9,3], [11,0], [0,5], [4,8], [7,4], [1,2], [2,11], [6,7], [3,6]}, 50486ms, not valid, fitness = 1.0 (adj = 0, att = 1)

Level 104:
  Backtracking: {[11,7], [2,8], [10,10], [7,4], [6,2], [1,0], [5,11], [8,6], [0,9], [4,5], [9,3], [3,1]}, 2ms, valid
  PSO: {[11,7], [2,9], [10,11], [7,8], [6,4], [1,2], [5,11], [8,5], [0,10], [4,6], [9,3], [3,1]}, 50226ms, not valid, fitness = 1.0 (adj = 0, att = 1)

Level 105:
  Backtracking: {[2,11], [3,1], [11,3], [6,4], [4,5], [0,0], [7,9], [9,8], [1,6], [5,7], [8,2], [10,10]}, 0ms, valid
  PSO: {[2,11], [3,2], [11,3], [6,4], [4,6], [1,1], [7,10], [8,8], [0,7], [5,9], [9,5], [10,11]}, 50812ms, not valid, fitness = 1.0 (adj = 0, att = 1)

Level 106:
  Backtracking: {[7,9], [3,11], [9,8], [6,7], [4,3], [2,0], [5,1], [1,5], [8,6], [0,10], [10,4], [11,2]}, 1ms, valid
  PSO: {[8,9], [3,11], [8,7], [6,6], [7,4], [0,0], [5,1], [4,5], [10,8], [1,10], [9,3], [11,2]}, 51113ms, not valid, fitness = 1.0 (adj = 0, att = 1)

Level 107:
  Backtracking: {[11,4], [1,0], [9,5], [8,3], [6,1], [0,9], [7,7], [2,10], [3,8], [10,2], [5,11], [4,6]}, 0ms, valid
  PSO: {[11,6], [1,0], [9,5], [8,3], [7,1], [2,9], [7,8], [4,11], [3,7], [10,2], [6,10], [5,4]}, 51250ms, not valid, fitness = 1.0 (adj = 0, att = 1)

Level 108:
  Backtracking: {[11,5], [2,3], [9,0], [5,11], [3,10], [6,8], [4,2], [10,7], [1,1], [0,9], [8,6], [7,4]}, 2ms, valid
  PSO: {[11,5], [3,3], [9,0], [6,11], [5,8], [8,9], [4,1], [10,7], [1,2], [2,10], [8,6], [7,4]}, 50454ms, not valid, fitness = 1.0 (adj = 0, att = 1)

Level 109:
  Backtracking: {[9,3], [3,4], [11,5], [6,0], [4,1], [0,9], [5,6], [8,11], [1,7], [10,8], [7,2], [2,10]}, 0ms, valid
  PSO: {[9,3], [3,4], [11,5], [6,0], [4,1], [0,10], [5,6], [8,11], [2,8], [10,7], [7,2], [7,9]}, 51394ms, not valid, fitness = 1.0 (adj = 0, att = 1)

Level 110:
  Backtracking: {[10,1], [6,11], [11,10], [4,3], [2,4], [0,9], [7,5], [9,6], [1,2], [3,7], [8,8], [5,0]}, 0ms, valid
  PSO: {[11,2], [2,8], [10,11], [3,4], [0,5], [0,10], [6,3], [9,7], [1,0], [4,6], [7,9], [5,1]}, 51162ms, not valid, fitness = 1.0 (adj = 0, att = 1)

Level 111:
  Backtracking: {[11,9], [2,7], [10,11], [5,6], [7,0], [0,4], [6,2], [9,5], [3,1], [1,10], [8,3], [4,8]}, 0ms, valid
  PSO: {[11,9], [2,7], [10,11], [5,6], [7,0], [0,4], [6,2], [9,5], [3,1], [1,10], [8,3], [4,8]}, 577ms, valid

Level 112:
  Backtracking: {[10,3], [4,7], [6,10], [3,11], [7,4], [0,9], [8,8], [9,1], [1,6], [11,5], [2,0], [5,2]}, 0ms, valid
  PSO: {[10,3], [5,7], [6,10], [3,11], [4,5], [0,9], [11,8], [7,1], [1,4], [9,6], [2,0], [5,2]}, 50480ms, not valid, fitness = 1.0 (adj = 0, att = 1)

Level 113:
  Backtracking: {[10,11], [3,4], [9,8], [6,9], [1,5], [0,2], [11,6], [7,0], [2,7], [5,3], [8,10], [4,1]}, 1ms, valid
  PSO: {[10,11], [4,3], [10,9], [5,8], [6,5], [0,4], [11,2], [7,0], [1,7], [9,6], [8,10], [3,1]}, 49482ms, not valid, fitness = 1.0 (adj = 0, att = 1)

Level 114:
  Backtracking: {[10,10], [4,0], [11,5], [7,1], [5,2], [0,4], [9,6], [8,8], [3,3], [1,11], [6,7], [2,9]}, 18ms, valid
  PSO: {[11,11], [2,3], [10,8], [9,0], [6,2], [0,5], [5,6], [8,7], [4,4], [1,10], [7,9], [3,9]}, 49795ms, not valid, fitness = 1.0 (adj = 0, att = 1)

Level 115:
  Backtracking: {[11,3], [2,7], [10,5], [6,2], [5,11], [0,0], [8,4], [7,6], [1,9], [4,1], [9,8], [3,10]}, 1ms, valid
  PSO: {[11,3], [2,7], [10,5], [6,0], [5,11], [0,0], [8,4], [7,6], [1,9], [4,2], [9,8], [3,10]}, 48474ms, not valid, fitness = 1.0 (adj = 0, att = 1)

Level 116:
  Backtracking: {[9,11], [3,7], [10,6], [5,10], [6,4], [1,5], [8,2], [7,0], [0,9], [2,1], [11,8], [4,3]}, 2ms, valid
  PSO: {[8,11], [3,6], [9,7], [6,10], [5,5], [1,8], [10,4], [7,0], [0,11], [2,2], [11,9], [4,3]}, 47374ms, not valid, fitness = 1.0 (adj = 0, att = 1)

Level 117:
  Backtracking: {[11,2], [6,8], [5,11], [4,3], [3,7], [0,0], [10,9], [8,1], [9,5], [1,6], [7,4], [2,10]}, 2ms, valid
  PSO: {[11,1], [3,5], [5,11], [4,2], [2,8], [0,0], [9,7], [7,1], [10,3], [1,6], [8,4], [6,9]}, 47579ms, not valid, fitness = 1.0 (adj = 0, att = 1)

Level 118:
  Backtracking: {[11,8], [1,7], [4,4], [7,3], [5,9], [2,1], [6,11], [9,2], [3,6], [0,10], [8,5], [10,0]}, 2ms, valid
  PSO: {[11,8], [1,7], [4,6], [6,1], [3,9], [0,3], [5,10], [9,2], [2,4], [2,11], [7,5], [8,0]}, 47650ms, not valid, fitness = 1.0 (adj = 0, att = 1)

Level 119:
  Backtracking: {[11,11], [3,3], [10,4], [7,2], [6,0], [0,5], [1,9], [8,8], [5,10], [2,7], [9,6], [4,1]}, 1ms, valid
  PSO: {[11,11], [6,6], [11,4], [7,3], [10,2], [0,0], [1,9], [8,8], [5,10], [3,7], [9,5], [4,1]}, 48163ms, not valid, fitness = 1.0 (adj = 0, att = 1)

Level 120:
  Backtracking: {[8,8], [10,0], [9,4], [5,3], [4,11], [1,1], [2,6], [7,10], [0,5], [6,7], [11,2], [3,9]}, 0ms, valid
  PSO: {[9,7], [10,0], [9,4], [5,3], [4,10], [3,1], [2,9], [8,11], [0,5], [7,6], [11,2], [6,8]}, 47696ms, not valid, fitness = 1.0 (adj = 0, att = 1)

Level 121:
  Backtracking: {[11,10], [3,7], [10,8], [8,9], [5,1], [0,4], [7,2], [6,5], [9,0], [2,3], [1,6], [4,11]}, 0ms, valid
  PSO: {[11,10], [3,7], [10,8], [8,9], [5,1], [0,4], [7,2], [6,5], [9,0], [2,3], [1,10], [4,11]}, 48082ms, not valid, fitness = 1.0 (adj = 0, att = 1)

Level 122:
  Backtracking: {[10,2], [2,9], [8,4], [6,3], [3,0], [1,1], [7,6], [9,11], [0,8], [4,5], [11,10], [5,7]}, 0ms, valid
  PSO: {[10,2], [2,9], [11,5], [6,3], [8,0], [4,4], [7,6], [9,11], [0,8], [3,6], [11,10], [5,7]}, 48215ms, not valid, fitness = 2.0 (adj = 0, att = 2)

Level 123:
  Backtracking: {[10,0], [3,5], [11,6], [5,7], [4,10], [1,3], [6,11], [9,2], [0,8], [7,1], [8,4], [2,9]}, 0ms, valid
  PSO: {[11,1], [3,5], [11,4], [8,6], [4,11], [0,3], [7,10], [9,2], [2,7], [1,0], [10,8], [5,9]}, 48723ms, not valid, fitness = 1.0 (adj = 0, att = 1)

Level 124:
  Backtracking: {[11,6], [4,5], [8,10], [6,11], [1,1], [0,8], [7,2], [9,0], [5,9], [2,4], [10,3], [3,7]}, 0ms, valid
  PSO: {[11,6], [4,5], [9,10], [7,9], [1,1], [0,8], [8,2], [11,0], [5,11], [2,4], [10,3], [3,7]}, 48869ms, not valid, fitness = 1.0 (adj = 0, att = 1)

Level 125:
  Backtracking: {[8,0], [3,9], [10,7], [6,10], [4,11], [0,6], [5,8], [11,2], [2,5], [1,1], [9,4], [7,3]}, 1ms, valid
  PSO: {[8,0], [4,9], [9,7], [7,11], [5,11], [0,6], [6,8], [10,3], [2,5], [1,1], [11,10], [3,2]}, 49449ms, not valid, fitness = 1.0 (adj = 0, att = 1)

Level 126:
  Backtracking: {[11,3], [2,7], [9,4], [4,9], [5,5], [0,0], [6,8], [7,10], [1,2], [3,11], [8,6], [10,1]}, 1ms, valid
  PSO: {[11,3], [2,7], [9,5], [4,8], [5,6], [0,1], [6,8], [7,11], [1,4], [3,10], [10,9], [8,0]}, 48852ms, not valid, fitness = 1.0 (adj = 0, att = 1)

Level 127:
  Backtracking: {[10,3], [3,11], [6,4], [11,7], [4,1], [2,0], [1,8], [8,5], [0,6], [7,2], [9,9], [5,10]}, 0ms, valid
  PSO: {[10,3], [3,9], [6,4], [11,7], [4,1], [2,0], [1,8], [8,5], [0,6], [7,2], [11,11], [9,10]}, 49185ms, not valid, fitness = 1.0 (adj = 0, att = 1)

Level 128:
  Backtracking: {[11,7], [4,3], [10,4], [7,8], [6,5], [0,1], [3,10], [9,2], [5,9], [2,0], [8,6], [1,11]}, 1ms, valid
  PSO: {[11,6], [4,4], [10,3], [6,8], [9,7], [0,1], [5,11], [8,2], [9,10], [2,0], [7,5], [1,9]}, 48343ms, not valid, fitness = 1.0 (adj = 0, att = 1)

Level 129:
  Backtracking: {[11,7], [1,5], [10,10], [5,8], [6,2], [0,1], [8,9], [4,11], [3,6], [7,0], [9,4], [2,3]}, 1ms, valid
  PSO: {[11,5], [0,2], [10,8], [6,6], [3,7], [0,0], [8,9], [4,11], [1,10], [5,1], [9,4], [2,3]}, 47391ms, not valid, fitness = 1.0 (adj = 0, att = 1)

Level 130:
  Backtracking: {[11,10], [10,0], [9,11], [4,7], [5,1], [0,2], [6,3], [3,4], [8,9], [2,8], [7,6], [1,5]}, 3ms, valid
  PSO: {[11,11], [4,3], [9,10], [6,9], [4,0], [0,2], [10,1], [2,4], [8,8], [3,7], [7,6], [5,5]}, 48082ms, not valid, fitness = 1.0 (adj = 0, att = 1)

Level 131:
  Backtracking: {[6,8], [1,11], [7,10], [2,9], [3,3], [0,1], [10,2], [9,4], [4,7], [8,6], [11,5], [5,0]}, 1ms, valid
  PSO: {[5,8], [0,10], [7,11], [2,9], [3,5], [1,0], [6,2], [9,4], [0,6], [8,7], [11,3], [4,1]}, 48087ms, not valid, fitness = 1.0 (adj = 0, att = 1)

Level 132:
  Backtracking: {[10,11], [5,1], [6,3], [0,9], [3,2], [1,6], [7,5], [11,8], [8,0], [2,10], [9,4], [4,7]}, 1ms, valid
  PSO: {[10,11], [4,4], [6,3], [0,11], [1,2], [3,6], [7,5], [11,9], [8,0], [2,10], [9,8], [5,7]}, 47762ms, not valid, fitness = 1.0 (adj = 0, att = 1)

Level 133:
  Backtracking: {[10,8], [4,3], [11,0], [6,4], [2,11], [0,5], [7,2], [8,6], [1,7], [5,10], [9,1], [3,9]}, 1ms, valid
  PSO: {[10,8], [5,5], [11,1], [7,6], [3,11], [1,0], [8,2], [9,4], [2,9], [6,10], [11,3], [4,7]}, 47876ms, not valid, fitness = 1.0 (adj = 0, att = 1)

Level 134:
  Backtracking: {[11,4], [1,11], [5,9], [3,10], [2,6], [6,7], [4,1], [10,2], [0,8], [9,5], [7,3], [8,0]}, 1ms, valid
  PSO: {[11,3], [1,11], [2,7], [3,10], [4,5], [5,8], [3,1], [7,4], [0,9], [9,6], [6,2], [8,0]}, 47105ms, not valid, fitness = 1.0 (adj = 0, att = 1)

Level 135:
  Backtracking: {[10,4], [2,7], [11,2], [4,8], [6,6], [1,5], [5,10], [7,1], [0,9], [8,3], [9,0], [3,11]}, 1ms, valid
  PSO: {[10,4], [2,7], [11,2], [4,8], [6,6], [1,5], [5,10], [7,1], [0,9], [8,3], [9,0], [3,11]}, 281ms, valid

Level 136:
  Backtracking: {[9,11], [0,6], [6,9], [4,8], [5,2], [1,0], [7,1], [11,4], [2,10], [3,5], [8,3], [10,7]}, 0ms, valid
  PSO: {[9,11], [2,7], [6,9], [4,8], [5,5], [0,3], [7,1], [10,6], [1,10], [3,0], [8,4], [11,8]}, 46339ms, not valid, fitness = 1.0 (adj = 0, att = 1)

Level 137:
  Backtracking: {[10,10], [2,8], [11,6], [6,1], [7,3], [0,9], [5,5], [8,7], [3,4], [1,11], [9,2], [4,0]}, 1ms, valid
  PSO: {[10,10], [2,8], [11,6], [5,1], [7,3], [0,9], [6,5], [8,7], [1,2], [4,11], [9,0], [3,1]}, 45768ms, not valid, fitness = 1.0 (adj = 0, att = 1)

Level 138:
  Backtracking: {[11,3], [2,1], [8,11], [5,7], [4,0], [0,2], [7,8], [10,9], [1,6], [9,5], [6,10], [3,4]}, 1ms, valid
  PSO: {[11,3], [2,0], [8,11], [5,7], [8,1], [0,2], [7,8], [10,9], [1,6], [9,5], [6,10], [3,4]}, 45873ms, not valid, fitness = 1.0 (adj = 0, att = 1)

Level 139:
  Backtracking: {[11,3], [2,8], [10,1], [8,0], [7,4], [1,6], [4,5], [9,10], [0,9], [3,2], [6,7], [5,11]}, 1ms, valid
  PSO: {[11,3], [2,8], [10,1], [8,0], [7,4], [1,6], [4,5], [9,10], [0,9], [3,2], [6,7], [5,11]}, 482ms, valid

Level 140:
  Backtracking: {[11,2], [5,0], [10,5], [6,8], [4,7], [0,11], [2,3], [3,10], [1,9], [9,1], [8,6], [7,4]}, 0ms, valid
  PSO: {[11,2], [6,0], [10,5], [8,7], [5,6], [0,10], [3,3], [4,11], [1,8], [9,1], [10,9], [7,4]}, 45568ms, not valid, fitness = 1.0 (adj = 0, att = 1)

Level 141:
  Backtracking: {[10,0], [1,8], [8,11], [5,4], [4,7], [0,10], [11,6], [9,2], [6,9], [2,5], [7,3], [3,1]}, 3ms, valid
  PSO: {[10,0], [1,9], [7,10], [9,7], [4,6], [5,11], [11,4], [11,2], [6,8], [2,5], [8,3], [3,1]}, 45871ms, not valid, fitness = 1.0 (adj = 0, att = 1)

Level 142:
  Backtracking: {[11,9], [4,6], [10,5], [7,3], [3,2], [0,4], [5,11], [6,1], [1,10], [9,8], [8,0], [2,7]}, 1ms, valid
  PSO: {[11,10], [5,6], [9,5], [8,3], [4,1], [1,4], [6,11], [10,2], [2,9], [11,8], [7,0], [3,7]}, 45724ms, not valid, fitness = 1.0 (adj = 0, att = 1)

Level 143:
  Backtracking: {[5,0], [1,7], [11,9], [4,5], [8,8], [0,3], [9,10], [6,4], [3,11], [2,1], [7,2], [10,6]}, 1ms, valid
  PSO: {[3,1], [0,7], [9,0], [4,4], [8,9], [5,6], [10,11], [6,4], [2,10], [1,3], [7,2], [11,5]}, 44840ms, not valid, fitness = 1.0 (adj = 0, att = 1)

Level 144:
  Backtracking: {[5,7], [1,3], [10,0], [6,11], [3,10], [0,5], [7,4], [11,6], [4,1], [2,8], [9,2], [8,9]}, 2ms, valid
  PSO: {[5,7], [1,3], [8,0], [6,11], [4,11], [0,5], [7,6], [11,9], [3,1], [2,8], [10,4], [9,10]}, 43202ms, not valid, fitness = 1.0 (adj = 0, att = 1)

Level 145:
  Backtracking: {[11,9], [2,4], [9,10], [6,8], [5,6], [0,5], [7,0], [8,3], [1,7], [4,2], [10,1], [3,11]}, 0ms, valid
  PSO: {[11,9], [2,4], [9,10], [6,8], [5,6], [0,5], [7,0], [8,3], [1,7], [4,2], [10,1], [3,11]}, 319ms, valid

Level 146:
  Backtracking: {[10,7], [1,5], [11,1], [5,8], [4,2], [0,0], [7,6], [9,10], [6,3], [2,11], [8,4], [3,9]}, 1ms, valid
  PSO: {[10,5], [0,3], [11,2], [6,8], [5,2], [1,1], [7,6], [9,7], [3,0], [2,10], [8,4], [4,9]}, 43127ms, not valid, fitness = 1.0 (adj = 0, att = 1)

Level 147:
  Backtracking: {[11,7], [2,3], [10,10], [7,11], [5,4], [1,6], [6,1], [9,0], [4,2], [0,8], [8,9], [3,5]}, 0ms, valid
  PSO: {[11,7], [2,3], [9,10], [7,11], [5,4], [1,6], [6,0], [10,1], [4,2], [0,8], [7,9], [8,5]}, 43503ms, not valid, fitness = 1.0 (adj = 0, att = 1)

Level 148:
  Backtracking: {[11,9], [3,7], [10,2], [4,4], [2,5], [1,0], [5,11], [9,8], [6,1], [8,10], [7,6], [0,3]}, 7ms, valid
  PSO: {[11,7], [1,10], [8,2], [2,1], [3,5], [0,0], [5,11], [9,8], [4,3], [7,9], [6,6], [0,4]}, 43116ms, not valid, fitness = 1.0 (adj = 0, att = 1)

Level 149:
  Backtracking: {[11,0], [3,9], [9,7], [4,11], [2,1], [0,4], [5,3], [10,5], [6,8], [8,2], [7,6], [1,10]}, 1ms, valid
  PSO: {[11,3], [2,9], [9,7], [4,10], [3,2], [7,1], [5,3], [8,4], [0,8], [10,0], [6,6], [1,11]}, 42869ms, not valid, fitness = 1.0 (adj = 0, att = 1)

Level 150:
  Backtracking: {[11,2], [0,9], [10,4], [5,10], [4,7], [3,0], [6,5], [7,8], [2,6], [1,11], [9,1], [8,3]}, 3ms, valid
  PSO: {[11,2], [0,8], [10,4], [7,10], [6,6], [3,0], [11,9], [8,7], [2,5], [1,11], [9,1], [4,3]}, 43338ms, not valid, fitness = 1.0 (adj = 0, att = 1)

