======= 12x12 | Batch 2 =======
Level 51:
  Backtracking: {[3,4], [11,6], [7,3], [5,2], [0,7], [4,8], [8,5], [10,0], [1,9], [2,1], [9,10], [6,11]}, 0ms, valid
  PSO: {[8,8], [11,6], [7,3], [5,2], [1,5], [4,9], [11,4], [10,0], [3,7], [2,1], [9,10], [6,11]}, 50078ms, not valid, fitness = 1.0 (adj = 0, att = 1)

Level 52:
  Backtracking: {[8,7], [11,4], [3,8], [5,2], [7,0], [2,10], [4,5], [10,1], [1,6], [9,3], [6,9], [0,11]}, 4ms, valid
  PSO: {[6,8], [11,2], [4,10], [3,3], [5,0], [2,9], [7,6], [10,4], [0,5], [9,7], [8,10], [1,11]}, 50312ms, not valid, fitness = 1.0 (adj = 0, att = 1)

Level 53:
  Backtracking: {[9,6], [10,11], [1,4], [0,9], [11,7], [5,10], [8,1], [6,0], [7,8], [3,5], [4,3], [2,2]}, 0ms, valid
  PSO: {[9,6], [10,11], [1,4], [0,9], [11,7], [7,10], [8,1], [5,0], [8,8], [3,5], [4,3], [2,2]}, 49521ms, not valid, fitness = 1.0 (adj = 0, att = 1)

Level 54:
  Backtracking: {[1,11], [8,2], [6,3], [5,5], [2,0], [4,10], [7,8], [11,7], [3,6], [10,4], [9,9], [0,1]}, 1ms, valid
  PSO: {[1,10], [10,3], [7,2], [6,4], [3,0], [5,7], [8,11], [11,8], [4,5], [10,6], [9,9], [0,1]}, 49674ms, not valid, fitness = 1.0 (adj = 0, att = 1)

Level 55:
  Backtracking: {[2,4], [6,0], [3,1], [0,5], [1,9], [4,10], [7,8], [10,3], [5,2], [8,11], [11,6], [9,7]}, 0ms, valid
  PSO: {[2,4], [6,0], [3,1], [0,5], [1,9], [4,10], [7,8], [10,3], [5,2], [8,11], [11,6], [9,7]}, 314ms, valid

Level 56:
  Backtracking: {[6,11], [7,9], [5,1], [4,10], [0,8], [2,0], [11,5], [10,7], [9,3], [3,4], [8,6], [1,2]}, 2ms, valid
  PSO: {[6,11], [7,9], [5,2], [4,6], [0,8], [3,1], [11,4], [10,7], [9,0], [2,3], [8,5], [1,1]}, 49727ms, not valid, fitness = 1.0 (adj = 0, att = 1)

Level 57:
  Backtracking: {[6,0], [11,10], [4,5], [5,7], [0,2], [3,3], [10,1], [2,8], [9,9], [1,4], [7,6], [8,11]}, 1ms, valid
  PSO: {[5,1], [11,10], [4,5], [3,8], [1,2], [4,3], [8,0], [0,9], [9,6], [2,4], [6,7], [7,11]}, 49751ms, not valid, fitness = 1.0 (adj = 0, att = 1)

Level 58:
  Backtracking: {[7,1], [10,0], [6,4], [3,10], [1,5], [4,6], [9,2], [8,8], [0,11], [11,3], [5,9], [2,7]}, 2ms, valid
  PSO: {[3,2], [10,0], [6,4], [3,10], [1,5], [4,6], [8,1], [7,8], [0,11], [11,3], [5,9], [2,7]}, 49899ms, not valid, fitness = 1.0 (adj = 0, att = 1)

Level 59:
  Backtracking: {[4,11], [3,0], [5,9], [0,8], [1,2], [2,10], [6,4], [11,3], [10,7], [7,6], [9,5], [8,1]}, 17ms, valid
  PSO: {[3,8], [4,0], [9,9], [1,6], [0,1], [2,11], [6,2], [11,3], [10,7], [5,4], [8,5], [7,0]}, 50024ms, not valid, fitness = 1.0 (adj = 0, att = 1)

Level 60:
  Backtracking: {[1,3], [11,7], [5,1], [2,0], [0,5], [3,2], [7,4], [9,8], [4,9], [6,6], [8,10], [10,11]}, 1ms, valid
  PSO: {[4,5], [11,8], [5,0], [1,1], [0,7], [3,2], [7,4], [9,8], [2,9], [6,6], [8,10], [10,11]}, 49896ms, not valid, fitness = 1.0 (adj = 0, att = 1)

Level 61:
  Backtracking: {[3,9], [11,10], [4,5], [6,6], [1,7], [5,11], [8,0], [0,1], [10,8], [2,3], [9,2], [7,4]}, 0ms, valid
  PSO: {[4,9], [11,10], [5,6], [6,8], [1,7], [2,11], [7,3], [0,2], [10,8], [3,4], [9,0], [8,5]}, 50738ms, not valid, fitness = 1.0 (adj = 0, att = 1)

Level 62:
  Backtracking: {[2,3], [7,1], [4,9], [3,7], [0,6], [11,11], [6,5], [9,10], [5,0], [1,8], [8,4], [10,2]}, 0ms, valid
  PSO: {[3,4], [7,0], [4,9], [5,11], [0,6], [11,11], [6,5], [9,10], [2,1], [1,8], [10,7], [8,3]}, 50050ms, not valid, fitness = 1.0 (adj = 0, att = 1)

Level 63:
  Backtracking: {[3,11], [7,8], [4,2], [2,4], [0,0], [5,10], [11,5], [10,3], [8,6], [1,7], [9,9], [6,1]}, 1ms, valid
  PSO: {[3,11], [7,8], [5,5], [2,9], [0,0], [4,3], [10,10], [11,4], [8,6], [1,7], [9,8], [6,1]}, 50609ms, not valid, fitness = 1.0 (adj = 0, att = 1)

Level 64:
  Backtracking: {[4,6], [11,2], [6,11], [5,3], [3,4], [2,0], [8,1], [9,8], [0,10], [7,9], [10,5], [1,7]}, 3ms, valid
  PSO: {[2,9], [11,2], [6,11], [5,3], [7,6], [4,0], [9,1], [11,10], [0,4], [8,8], [10,5], [1,7]}, 50993ms, not valid, fitness = 1.0 (adj = 0, att = 1)

Level 65:
  Backtracking: {[3,7], [10,11], [7,0], [2,10], [1,2], [4,5], [6,6], [9,1], [0,4], [5,8], [11,9], [8,3]}, 0ms, valid
  PSO: {[6,4], [10,11], [7,0], [4,10], [1,2], [3,5], [7,7], [9,1], [0,6], [5,8], [11,9], [8,3]}, 50436ms, not valid, fitness = 1.0 (adj = 0, att = 1)

Level 66:
  Backtracking: {[3,2], [10,7], [5,6], [4,4], [0,1], [11,9], [6,10], [8,5], [1,8], [2,0], [9,11], [7,3]}, 0ms, valid
  PSO: {[3,3], [10,7], [5,6], [4,0], [0,2], [11,9], [7,10], [8,5], [1,8], [2,1], [9,11], [6,2]}, 50581ms, not valid, fitness = 1.0 (adj = 0, att = 1)

Level 67:
  Backtracking: {[5,8], [11,11], [6,1], [4,4], [0,2], [2,9], [8,10], [10,0], [1,5], [3,6], [9,7], [7,3]}, 0ms, valid
  PSO: {[6,8], [11,11], [9,2], [4,4], [0,1], [2,9], [8,10], [11,0], [1,5], [3,6], [10,7], [7,3]}, 51025ms, not valid, fitness = 1.0 (adj = 0, att = 1)

Level 68:
  Backtracking: {[2,5], [10,9], [3,3], [0,7], [11,4], [5,8], [6,11], [1,2], [4,10], [7,1], [9,0], [8,6]}, 10ms, valid
  PSO: {[1,5], [10,9], [2,3], [5,2], [11,4], [6,7], [7,11], [0,2], [4,10], [3,1], [9,0], [8,6]}, 50969ms, not valid, fitness = 1.0 (adj = 0, att = 1)

Level 69:
  Backtracking: {[4,6], [11,7], [8,3], [3,11], [0,4], [5,9], [6,5], [2,8], [1,2], [10,10], [9,1], [7,0]}, 1ms, valid
  PSO: {[6,0], [11,7], [9,4], [4,11], [1,5], [5,9], [7,6], [3,8], [2,3], [10,10], [10,1], [8,2]}, 50389ms, not valid, fitness = 1.0 (adj = 0, att = 1)

Level 70:
  Backtracking: {[3,5], [11,10], [5,6], [2,7], [0,0], [4,2], [7,11], [8,8], [1,4], [6,9], [9,1], [10,3]}, 1ms, valid
  PSO: {[3,5], [11,10], [5,6], [2,7], [0,0], [4,2], [7,11], [8,8], [1,4], [6,9], [9,1], [10,3]}, 418ms, valid

Level 71:
  Backtracking: {[3,3], [11,9], [6,10], [5,7], [0,0], [4,5], [9,8], [7,4], [2,1], [1,11], [10,2], [8,6]}, 0ms, valid
  PSO: {[3,2], [11,9], [6,10], [4,7], [1,0], [4,5], [9,8], [7,4], [5,1], [2,11], [10,3], [8,6]}, 50165ms, not valid, fitness = 1.0 (adj = 0, att = 1)

Level 72:
  Backtracking: {[2,5], [11,7], [6,8], [5,10], [0,0], [8,6], [7,4], [4,1], [1,2], [9,11], [10,3], [3,9]}, 0ms, valid
  PSO: {[2,5], [11,9], [6,8], [5,10], [1,3], [8,6], [7,4], [4,1], [0,7], [9,11], [10,2], [3,9]}, 49818ms, not valid, fitness = 1.0 (adj = 0, att = 1)

Level 73:
  Backtracking: {[3,8], [11,2], [6,7], [5,4], [0,9], [4,1], [8,6], [10,5], [1,3], [7,11], [9,0], [2,10]}, 0ms, valid
  PSO: {[4,7], [11,1], [6,8], [5,4], [0,10], [3,0], [7,6], [10,3], [1,5], [8,11], [9,0], [2,9]}, 49520ms, not valid, fitness = 1.0 (adj = 0, att = 1)

Level 74:
  Backtracking: {[3,4], [11,8], [7,3], [5,11], [0,2], [4,6], [8,5], [6,0], [1,9], [2,1], [9,7], [10,10]}, 1ms, valid
  PSO: {[3,4], [11,8], [10,3], [2,11], [1,0], [5,7], [7,6], [6,2], [0,9], [4,1], [9,6], [8,10]}, 47538ms, not valid, fitness = 1.0 (adj = 0, att = 1)

Level 75:
  Backtracking: {[6,2], [8,3], [4,4], [7,10], [1,0], [3,1], [9,7], [2,5], [0,8], [11,6], [5,11], [10,9]}, 1ms, valid
  PSO: {[6,4], [8,3], [4,3], [7,10], [1,0], [3,1], [9,6], [2,5], [0,8], [10,2], [5,11], [11,9]}, 47688ms, not valid, fitness = 1.0 (adj = 0, att = 1)

Level 76:
  Backtracking: {[3,9], [6,8], [2,2], [5,0], [0,7], [4,6], [10,3], [7,1], [11,11], [1,4], [9,10], [8,5]}, 1ms, valid
  PSO: {[3,10], [6,9], [2,5], [5,4], [0,7], [4,8], [7,2], [10,1], [11,11], [1,3], [9,10], [8,6]}, 47733ms, not valid, fitness = 1.0 (adj = 0, att = 1)

Level 77:
  Backtracking: {[7,11], [11,2], [4,10], [5,7], [1,5], [3,0], [6,1], [9,6], [0,8], [8,3], [10,4], [2,9]}, 0ms, valid
  PSO: {[7,11], [11,2], [5,10], [6,7], [2,5], [4,0], [6,1], [9,6], [1,8], [8,3], [10,4], [3,9]}, 48117ms, not valid, fitness = 1.0 (adj = 0, att = 1)

Level 78:
  Backtracking: {[1,10], [11,9], [5,7], [4,1], [0,4], [6,0], [8,3], [9,8], [3,11], [2,5], [10,2], [7,6]}, 5ms, valid
  PSO: {[1,6], [11,9], [7,10], [6,2], [0,3], [5,0], [11,7], [9,8], [4,11], [2,4], [10,1], [8,5]}, 48573ms, not valid, fitness = 1.0 (adj = 0, att = 1)

Level 79:
  Backtracking: {[1,4], [10,11], [7,7], [4,6], [0,1], [2,10], [8,5], [5,0], [3,3], [11,8], [9,9], [6,2]}, 1ms, valid
  PSO: {[1,4], [10,11], [6,8], [3,7], [0,0], [2,10], [8,6], [5,1], [4,5], [11,8], [9,9], [7,3]}, 48084ms, not valid, fitness = 1.0 (adj = 0, att = 1)

Level 80:
  Backtracking: {[2,0], [11,10], [5,2], [0,1], [3,7], [4,11], [8,6], [10,5], [7,4], [1,3], [9,8], [6,9]}, 0ms, valid
  PSO: {[5,0], [11,10], [8,2], [0,1], [3,7], [4,11], [7,6], [10,5], [7,4], [1,3], [9,8], [6,9]}, 48380ms, not valid, fitness = 1.0 (adj = 0, att = 1)

Level 81:
  Backtracking: {[4,7], [11,10], [6,8], [3,9], [0,4], [2,11], [5,0], [10,5], [1,1], [7,2], [8,6], [9,3]}, 1ms, valid
  PSO: {[5,5], [11,10], [6,9], [3,7], [0,4], [2,11], [8,0], [9,6], [4,3], [7,2], [10,8], [11,1]}, 48884ms, not valid, fitness = 1.0 (adj = 0, att = 1)

Level 82:
  Backtracking: {[1,7], [7,9], [6,6], [4,0], [3,2], [5,8], [11,11], [9,10], [2,4], [10,1], [8,3], [0,5]}, 4ms, valid
  PSO: {[1,10], [7,9], [6,6], [9,0], [2,2], [5,8], [10,11], [11,7], [4,3], [11,1], [8,4], [0,5]}, 48861ms, not valid, fitness = 1.0 (adj = 0, att = 1)

Level 83:
  Backtracking: {[3,9], [5,0], [4,4], [1,2], [0,10], [6,5], [7,7], [10,8], [11,6], [2,11], [9,3], [8,1]}, 0ms, valid
  PSO: {[4,9], [6,0], [5,4], [3,5], [0,7], [8,10], [7,6], [10,8], [11,6], [1,11], [9,3], [2,2]}, 49204ms, not valid, fitness = 1.0 (adj = 0, att = 1)

Level 84:
  Backtracking: {[3,4], [10,10], [4,8], [2,9], [0,2], [5,3], [7,5], [8,1], [1,0], [6,11], [11,7], [9,6]}, 1ms, valid
  PSO: {[3,4], [11,9], [5,8], [1,11], [0,3], [6,2], [7,5], [10,0], [4,1], [8,10], [11,7], [9,6]}, 48969ms, not valid, fitness = 1.0 (adj = 0, att = 1)

Level 85:
  Backtracking: {[1,8], [9,9], [3,7], [6,11], [4,5], [2,10], [8,0], [10,1], [0,6], [5,2], [11,4], [7,3]}, 0ms, valid
  PSO: {[1,8], [11,10], [3,7], [7,11], [4,5], [2,10], [5,0], [9,1], [0,6], [6,9], [10,3], [8,4]}, 48876ms, not valid, fitness = 1.0 (adj = 0, att = 1)

Level 86:
  Backtracking: {[4,0], [10,11], [6,10], [7,1], [0,2], [5,7], [3,6], [9,5], [1,8], [2,3], [11,4], [8,9]}, 2ms, valid
  PSO: {[4,0], [10,11], [7,10], [6,1], [0,2], [5,7], [3,6], [9,5], [1,8], [2,3], [11,4], [9,9]}, 48446ms, not valid, fitness = 1.0 (adj = 0, att = 1)

Level 87:
  Backtracking: {[2,8], [11,1], [4,5], [3,3], [8,11], [7,4], [6,0], [10,10], [0,7], [1,2], [9,6], [5,9]}, 2ms, valid
  PSO: {[0,9], [11,1], [5,5], [4,2], [3,6], [7,4], [1,0], [10,11], [1,7], [2,3], [9,8], [6,10]}, 47761ms, not valid, fitness = 1.0 (adj = 0, att = 1)

Level 88:
  Backtracking: {[7,8], [5,7], [3,0], [1,3], [0,5], [4,2], [6,11], [10,4], [11,6], [2,9], [8,10], [9,1]}, 0ms, valid
  PSO: {[7,8], [5,7], [3,0], [1,3], [0,5], [4,2], [6,11], [10,4], [11,6], [2,9], [8,10], [9,1]}, 303ms, valid

Level 89:
  Backtracking: {[2,5], [5,0], [4,7], [0,4], [3,2], [11,11], [8,8], [10,1], [6,6], [1,9], [9,10], [7,3]}, 1ms, valid
  PSO: {[1,3], [6,0], [5,9], [0,5], [4,2], [11,11], [8,8], [10,1], [3,6], [0,7], [9,10], [7,4]}, 47781ms, not valid, fitness = 1.0 (adj = 0, att = 1)

Level 90:
  Backtracking: {[2,7], [11,8], [7,5], [5,4], [0,3], [3,11], [8,0], [10,6], [1,10], [4,2], [9,9], [6,1]}, 4ms, valid
  PSO: {[2,6], [11,8], [6,8], [4,3], [1,4], [3,11], [7,0], [9,7], [0,10], [5,1], [8,9], [10,5]}, 47837ms, not valid, fitness = 1.0 (adj = 0, att = 1)

Level 91:
  Backtracking: {[5,8], [10,3], [6,11], [3,2], [0,1], [2,0], [7,4], [9,5], [1,6], [4,10], [11,9], [8,7]}, 0ms, valid
  PSO: {[3,11], [10,2], [6,11], [5,3], [0,1], [2,0], [7,4], [9,5], [1,6], [4,9], [11,10], [8,7]}, 48067ms, not valid, fitness = 1.0 (adj = 0, att = 1)

Level 92:
  Backtracking: {[10,11], [1,6], [11,3], [5,5], [3,7], [0,10], [8,0], [7,4], [2,9], [6,1], [9,8], [4,2]}, 0ms, valid
  PSO: {[10,11], [1,2], [11,3], [5,5], [3,6], [0,10], [9,0], [7,4], [2,8], [6,1], [8,7], [4,2]}, 47864ms, not valid, fitness = 1.0 (adj = 0, att = 1)

Level 93:
  Backtracking: {[11,1], [2,6], [9,0], [6,8], [8,9], [0,7], [5,11], [10,5], [1,10], [3,4], [7,3], [4,2]}, 0ms, valid
  PSO: {[11,1], [3,9], [9,0], [6,8], [10,7], [0,10], [5,11], [8,6], [2,11], [4,5], [7,3], [1,2]}, 47515ms, not valid, fitness = 1.0 (adj = 0, att = 1)

Level 94:
  Backtracking: {[10,6], [3,0], [11,2], [8,5], [9,9], [1,1], [7,11], [5,8], [2,7], [0,10], [6,3], [4,4]}, 1ms, valid
  PSO: {[11,6], [1,0], [8,3], [9,6], [10,10], [0,2], [7,11], [5,8], [2,7], [3,9], [6,5], [4,4]}, 45860ms, not valid, fitness = 1.0 (adj = 0, att = 1)

Level 95:
  Backtracking: {[4,7], [3,3], [7,8], [6,11], [5,9], [0,4], [2,0], [11,1], [1,2], [9,10], [8,6], [10,5]}, 13ms, valid
  PSO: {[4,7], [5,3], [7,8], [6,11], [4,9], [0,4], [3,1], [11,2], [1,0], [9,10], [8,6], [10,5]}, 45591ms, not valid, fitness = 1.0 (adj = 0, att = 1)

Level 96:
  Backtracking: {[11,6], [1,8], [9,5], [5,7], [10,1], [0,10], [6,0], [8,11], [3,9], [2,4], [7,2], [4,3]}, 1ms, valid
  PSO: {[10,7], [1,8], [9,5], [4,7], [6,4], [0,10], [5,0], [8,11], [3,9], [7,6], [11,1], [2,3]}, 45370ms, not valid, fitness = 1.0 (adj = 0, att = 1)

Level 97:
  Backtracking: {[10,10], [3,2], [9,1], [6,4], [5,9], [0,8], [7,11], [2,7], [1,5], [11,0], [8,3], [4,6]}, 0ms, valid
  PSO: {[10,10], [3,2], [9,1], [5,2], [7,6], [0,9], [6,11], [2,7], [1,4], [11,0], [8,3], [4,5]}, 46077ms, not valid, fitness = 1.0 (adj = 0, att = 1)

Level 98:
  Backtracking: {[10,8], [4,1], [11,2], [5,9], [2,11], [0,10], [6,4], [8,3], [1,7], [7,0], [9,5], [3,6]}, 2ms, valid
  PSO: {[10,9], [3,0], [11,6], [4,8], [2,11], [0,10], [5,4], [8,3], [1,7], [6,2], [7,5], [9,11]}, 45544ms, not valid, fitness = 1.0 (adj = 0, att = 1)

Level 99:
  Backtracking: {[2,1], [4,4], [10,2], [7,3], [5,9], [0,7], [9,6], [3,10], [11,8], [1,5], [6,11], [8,0]}, 1ms, valid
  PSO: {[3,4], [6,5], [10,2], [7,3], [5,9], [0,10], [9,7], [4,11], [11,8], [1,6], [7,10], [8,0]}, 45496ms, not valid, fitness = 2.0 (adj = 0, att = 2)

Level 100:
  Backtracking: {[11,2], [1,10], [10,5], [5,8], [3,11], [0,6], [7,7], [8,4], [9,9], [2,0], [4,1], [6,3]}, 1ms, valid
  PSO: {[11,2], [1,10], [9,4], [5,8], [3,11], [0,7], [10,9], [7,3], [8,11], [6,6], [4,0], [2,1]}, 45765ms, not valid, fitness = 1.0 (adj = 0, att = 1)

