======= 8x8 | Batch 5 =======
Level 201:
  Backtracking: {[3,7], [7,6], [4,4], [5,0], [0,3], [1,1], [6,2], [2,5]}, 0ms, valid
  PSO: {[3,7], [7,6], [4,4], [5,0], [0,3], [1,1], [6,2], [2,5]}, 219ms, valid

Level 202:
  Backtracking: {[3,5], [6,1], [5,3], [2,2], [1,6], [0,4], [7,7], [4,0]}, 0ms, valid
  PSO: {[3,5], [6,1], [5,3], [2,2], [1,6], [0,4], [7,7], [4,0]}, 123ms, valid

Level 203:
  Backtracking: {[3,0], [7,7], [5,6], [1,1], [6,4], [0,5], [2,3], [4,2]}, 0ms, valid
  PSO: {[3,0], [7,7], [5,6], [1,1], [6,4], [0,5], [2,3], [4,2]}, 144ms, valid

Level 204:
  Backtracking: {[3,0], [5,5], [1,4], [0,1], [7,6], [6,3], [2,2], [4,7]}, 0ms, valid
  PSO: {[3,0], [5,5], [1,4], [0,1], [7,6], [6,3], [2,2], [4,7]}, 143ms, valid

Level 205:
  Backtracking: {[4,0], [6,1], [3,2], [0,5], [7,3], [1,7], [2,4], [5,6]}, 0ms, valid
  PSO: {[4,0], [6,1], [3,2], [0,5], [7,3], [1,7], [2,4], [5,6]}, 138ms, valid

Level 206:
  Backtracking: {[2,4], [6,2], [5,7], [0,3], [7,6], [1,1], [4,5], [3,0]}, 0ms, valid
  PSO: {[2,4], [6,2], [5,7], [0,3], [7,6], [1,1], [4,5], [3,0]}, 162ms, valid

Level 207:
  Backtracking: {[4,7], [6,2], [1,3], [0,1], [7,5], [2,6], [3,0], [5,4]}, 0ms, valid
  PSO: {[4,7], [6,2], [1,3], [0,1], [7,5], [2,6], [3,0], [5,4]}, 143ms, valid

Level 208:
  Backtracking: {[3,4], [6,6], [2,1], [0,7], [7,3], [1,5], [5,2], [4,0]}, 0ms, valid
  PSO: {[3,4], [6,6], [2,1], [0,7], [7,3], [1,5], [5,2], [4,0]}, 136ms, valid

Level 209:
  Backtracking: {[2,7], [6,3], [3,2], [1,1], [7,5], [0,4], [5,6], [4,0]}, 0ms, valid
  PSO: {[2,7], [6,3], [3,2], [1,1], [7,5], [0,4], [5,6], [4,0]}, 231ms, valid

Level 210:
  Backtracking: {[2,7], [7,5], [6,3], [1,1], [5,6], [0,4], [4,2], [3,0]}, 0ms, valid
  PSO: {[2,7], [7,5], [6,3], [1,1], [5,6], [0,4], [4,2], [3,0]}, 249ms, valid

Level 211:
  Backtracking: {[3,3], [5,7], [6,4], [0,0], [7,6], [1,2], [2,5], [4,1]}, 0ms, valid
  PSO: {[3,3], [5,7], [6,4], [0,0], [7,6], [1,2], [2,5], [4,1]}, 146ms, valid

Level 212:
  Backtracking: {[6,1], [5,7], [4,2], [2,0], [1,4], [7,3], [0,6], [3,5]}, 0ms, valid
  PSO: {[6,1], [5,7], [4,2], [2,0], [1,4], [7,3], [0,6], [3,5]}, 143ms, valid

Level 213:
  Backtracking: {[4,2], [6,5], [2,3], [1,6], [7,1], [0,4], [3,7], [5,0]}, 0ms, valid
  PSO: {[4,2], [6,5], [2,3], [1,6], [7,1], [0,4], [3,7], [5,0]}, 132ms, valid

Level 214:
  Backtracking: {[4,1], [6,3], [5,5], [0,2], [7,7], [1,0], [2,6], [3,4]}, 1ms, valid
  PSO: {[4,1], [6,3], [5,5], [0,2], [7,7], [1,0], [2,6], [3,4]}, 122ms, valid

Level 215:
  Backtracking: {[4,3], [3,1], [2,7], [1,4], [6,2], [0,6], [5,0], [7,5]}, 0ms, valid
  PSO: {[4,3], [3,1], [2,7], [1,4], [6,2], [0,6], [5,0], [7,5]}, 139ms, valid

Level 216:
  Backtracking: {[5,3], [6,5], [4,6], [0,1], [7,7], [1,4], [2,0], [3,2]}, 0ms, valid
  PSO: {[5,3], [6,5], [4,6], [0,1], [7,7], [1,4], [2,0], [3,2]}, 140ms, valid

Level 217:
  Backtracking: {[3,7], [6,1], [5,3], [1,2], [0,6], [7,4], [2,5], [4,0]}, 0ms, valid
  PSO: {[3,7], [6,1], [5,3], [1,2], [0,6], [7,4], [2,5], [4,0]}, 145ms, valid

Level 218:
  Backtracking: {[1,4], [7,1], [6,5], [0,6], [5,3], [3,7], [2,2], [4,0]}, 0ms, valid
  PSO: {[1,4], [7,1], [6,5], [0,6], [5,3], [3,7], [2,2], [4,0]}, 167ms, valid

Level 219:
  Backtracking: {[3,3], [7,0], [4,5], [1,4], [6,6], [0,7], [2,1], [5,2]}, 0ms, valid
  PSO: {[3,4], [7,0], [5,3], [2,7], [6,5], [0,6], [1,1], [4,1]}, 33531ms, not valid, fitness = 1.0 (adj = 0, att = 1)

Level 220:
  Backtracking: {[3,4], [6,2], [5,0], [0,7], [7,5], [1,3], [2,1], [4,6]}, 1ms, valid
  PSO: {[3,4], [6,2], [5,0], [0,7], [7,5], [1,3], [2,1], [4,6]}, 137ms, valid

Level 221:
  Backtracking: {[3,2], [6,1], [0,5], [1,3], [7,6], [5,4], [2,7], [4,0]}, 0ms, valid
  PSO: {[3,2], [7,4], [0,5], [1,1], [7,6], [5,3], [2,7], [4,0]}, 34170ms, not valid, fitness = 1.0 (adj = 0, att = 1)

Level 222:
  Backtracking: {[1,0], [7,5], [5,4], [0,2], [6,7], [2,3], [3,1], [4,6]}, 0ms, valid
  PSO: {[1,0], [7,5], [5,4], [0,2], [6,7], [2,3], [3,1], [4,6]}, 140ms, valid

Level 223:
  Backtracking: {[2,2], [5,3], [3,4], [1,0], [7,5], [6,1], [4,6], [0,7]}, 0ms, valid
  PSO: {[2,2], [5,3], [3,4], [1,0], [7,5], [6,1], [4,6], [0,7]}, 165ms, valid

Level 224:
  Backtracking: {[2,1], [7,4], [5,2], [1,3], [6,6], [0,0], [3,5], [4,7]}, 0ms, valid
  PSO: {[2,1], [7,4], [5,2], [1,3], [6,6], [0,0], [3,5], [4,7]}, 145ms, valid

Level 225:
  Backtracking: {[2,2], [4,3], [5,1], [0,6], [6,5], [7,0], [3,7], [1,4]}, 0ms, valid
  PSO: {[2,2], [4,3], [5,1], [0,6], [6,5], [7,0], [3,7], [1,4]}, 250ms, valid

Level 226:
  Backtracking: {[3,2], [6,5], [5,1], [2,6], [1,0], [7,7], [0,3], [4,4]}, 0ms, valid
  PSO: {[3,2], [6,5], [5,1], [2,6], [1,0], [7,7], [0,3], [4,4]}, 136ms, valid

Level 227:
  Backtracking: {[2,4], [5,6], [6,3], [3,7], [7,5], [0,2], [1,0], [4,1]}, 1ms, valid
  PSO: {[2,4], [5,6], [6,3], [3,7], [7,5], [0,2], [1,0], [4,1]}, 233ms, valid

Level 228:
  Backtracking: {[0,6], [4,1], [1,4], [2,7], [6,2], [3,3], [7,0], [5,5]}, 0ms, valid
  PSO: {[0,6], [4,1], [1,4], [2,7], [6,2], [3,3], [7,0], [5,5]}, 209ms, valid

Level 229:
  Backtracking: {[3,3], [6,6], [2,7], [0,0], [7,2], [1,5], [4,1], [5,4]}, 0ms, valid
  PSO: {[3,3], [6,6], [2,7], [0,0], [7,2], [1,5], [4,1], [5,4]}, 289ms, valid

Level 230:
  Backtracking: {[4,3], [5,5], [1,4], [0,0], [7,6], [6,2], [3,7], [2,1]}, 0ms, valid
  PSO: {[4,3], [5,5], [1,4], [0,0], [7,6], [6,2], [3,7], [2,1]}, 140ms, valid

Level 231:
  Backtracking: {[4,5], [7,3], [1,4], [0,0], [6,6], [5,2], [3,7], [2,1]}, 0ms, valid
  PSO: {[4,5], [7,3], [1,4], [0,0], [6,6], [5,2], [3,7], [2,1]}, 153ms, valid

Level 232:
  Backtracking: {[3,1], [5,5], [2,4], [0,2], [7,6], [1,7], [6,0], [4,3]}, 1ms, valid
  PSO: {[3,1], [5,5], [2,4], [0,2], [7,6], [1,7], [6,0], [4,3]}, 137ms, valid

Level 233:
  Backtracking: {[3,2], [6,6], [5,3], [0,5], [7,1], [2,4], [1,7], [4,0]}, 0ms, valid
  PSO: {[3,2], [6,6], [5,3], [0,5], [7,1], [2,4], [1,7], [4,0]}, 162ms, valid

Level 234:
  Backtracking: {[3,0], [5,2], [4,6], [0,4], [7,3], [2,7], [1,1], [6,5]}, 0ms, valid
  PSO: {[3,0], [5,2], [4,6], [0,4], [7,3], [2,7], [1,1], [6,5]}, 154ms, valid

Level 235:
  Backtracking: {[6,4], [4,5], [1,2], [0,6], [7,1], [2,0], [5,7], [3,3]}, 0ms, valid
  PSO: {[6,4], [4,5], [1,2], [0,6], [7,1], [2,0], [5,7], [3,3]}, 152ms, valid

Level 236:
  Backtracking: {[4,6], [5,1], [2,3], [7,2], [6,5], [0,4], [3,0], [1,7]}, 0ms, valid
  PSO: {[4,6], [5,1], [2,3], [7,2], [6,5], [0,4], [3,0], [1,7]}, 156ms, valid

Level 237:
  Backtracking: {[2,3], [7,5], [4,6], [0,4], [5,2], [3,0], [6,7], [1,1]}, 0ms, valid
  PSO: {[2,3], [7,5], [4,6], [0,4], [5,2], [3,0], [6,7], [1,1]}, 132ms, valid

Level 238:
  Backtracking: {[4,7], [6,2], [5,4], [0,5], [7,0], [1,3], [2,6], [3,1]}, 0ms, valid
  PSO: {[4,7], [6,2], [5,4], [0,5], [7,0], [1,3], [2,6], [3,1]}, 151ms, valid

Level 239:
  Backtracking: {[2,0], [5,3], [6,7], [0,1], [7,4], [1,6], [3,2], [4,5]}, 0ms, valid
  PSO: {[2,0], [5,3], [6,7], [0,1], [7,4], [1,6], [3,2], [4,5]}, 132ms, valid

Level 240:
  Backtracking: {[1,4], [7,1], [4,2], [0,6], [6,3], [2,7], [5,0], [3,5]}, 0ms, valid
  PSO: {[1,4], [7,1], [4,2], [0,6], [6,3], [2,7], [5,0], [3,5]}, 143ms, valid

Level 241:
  Backtracking: {[1,3], [6,5], [5,2], [0,6], [7,1], [4,0], [2,7], [3,4]}, 0ms, valid
  PSO: {[1,3], [6,5], [5,2], [0,6], [7,1], [4,0], [2,7], [3,4]}, 135ms, valid

Level 242:
  Backtracking: {[3,2], [6,7], [5,1], [0,5], [7,3], [1,0], [2,6], [4,4]}, 1ms, valid
  PSO: {[3,2], [6,7], [5,1], [0,5], [7,3], [1,0], [2,6], [4,4]}, 152ms, valid

Level 243:
  Backtracking: {[3,4], [5,6], [4,2], [1,3], [7,7], [0,5], [2,1], [6,0]}, 0ms, valid
  PSO: {[3,4], [5,6], [4,2], [1,3], [7,7], [0,5], [2,1], [6,0]}, 224ms, valid

Level 244:
  Backtracking: {[3,4], [6,3], [4,1], [1,2], [7,5], [2,0], [0,7], [5,6]}, 1ms, valid
  PSO: {[3,4], [6,3], [4,1], [1,2], [7,5], [2,0], [0,7], [5,6]}, 134ms, valid

Level 245:
  Backtracking: {[3,6], [5,7], [6,2], [1,1], [7,0], [2,3], [0,5], [4,4]}, 0ms, valid
  PSO: {[3,6], [5,7], [6,2], [1,1], [7,0], [2,3], [0,5], [4,4]}, 135ms, valid

Level 246:
  Backtracking: {[5,7], [4,4], [2,3], [0,2], [6,1], [1,0], [3,6], [7,5]}, 0ms, valid
  PSO: {[5,7], [4,4], [2,3], [0,2], [6,1], [1,0], [3,6], [7,5]}, 156ms, valid

Level 247:
  Backtracking: {[3,2], [5,1], [2,4], [0,3], [7,5], [6,7], [1,0], [4,6]}, 0ms, valid
  PSO: {[3,2], [5,1], [2,4], [0,3], [7,5], [6,7], [1,0], [4,6]}, 131ms, valid

Level 248:
  Backtracking: {[4,7], [6,3], [5,5], [0,1], [7,6], [1,4], [2,2], [3,0]}, 0ms, valid
  PSO: {[4,7], [6,3], [5,5], [0,1], [7,6], [1,4], [2,2], [3,0]}, 138ms, valid

Level 249:
  Backtracking: {[2,1], [6,5], [3,7], [0,2], [7,3], [1,6], [5,0], [4,4]}, 0ms, valid
  PSO: {[2,1], [6,5], [3,7], [0,2], [7,3], [1,6], [5,0], [4,4]}, 144ms, valid

Level 250:
  Backtracking: {[3,3], [5,5], [4,7], [0,0], [7,4], [1,2], [2,6], [6,1]}, 0ms, valid
  PSO: {[3,3], [5,5], [4,7], [0,0], [7,4], [1,2], [2,6], [6,1]}, 148ms, valid

