======= 9x9 | Batch 3 =======
Level 101:
  Backtracking: {[5,5], [2,2], [1,8], [3,4], [7,3], [6,7], [8,1], [0,6], [4,0]}, 0ms, valid
  PSO: {[5,5], [2,2], [1,8], [3,4], [7,3], [6,7], [8,1], [0,6], [4,0]}, 163ms, valid

Level 102:
  Backtracking: {[7,6], [8,1], [3,2], [5,0], [2,7], [6,3], [4,5], [1,4], [0,8]}, 0ms, valid
  PSO: {[7,6], [8,1], [4,2], [6,0], [1,5], [7,3], [3,4], [5,7], [0,8]}, 37316ms, not valid, fitness = 1.0 (adj = 0, att = 1)

Level 103:
  Backtracking: {[2,2], [8,1], [4,4], [5,6], [0,7], [6,3], [7,8], [3,0], [1,5]}, 0ms, valid
  PSO: {[0,3], [7,0], [2,6], [6,4], [4,8], [5,2], [8,5], [1,0], [3,1]}, 37543ms, not valid, fitness = 1.0 (adj = 0, att = 1)

Level 104:
  Backtracking: {[6,3], [2,5], [7,8], [1,7], [3,2], [5,6], [0,0], [8,1], [4,4]}, 0ms, valid
  PSO: {[6,3], [2,5], [7,8], [1,7], [3,2], [5,6], [0,0], [8,1], [4,4]}, 249ms, valid

Level 105:
  Backtracking: {[4,2], [8,0], [7,5], [1,6], [2,3], [6,1], [5,8], [3,7], [0,4]}, 0ms, valid
  PSO: {[4,2], [8,0], [7,5], [1,6], [2,3], [6,1], [5,8], [3,7], [0,4]}, 161ms, valid

Level 106:
  Backtracking: {[7,5], [8,1], [5,6], [1,3], [3,0], [2,7], [6,2], [0,8], [4,4]}, 0ms, valid
  PSO: {[7,5], [8,1], [5,6], [1,3], [3,0], [2,7], [6,2], [0,8], [4,4]}, 248ms, valid

Level 107:
  Backtracking: {[5,3], [4,7], [1,0], [3,4], [8,1], [2,2], [6,8], [7,6], [0,5]}, 1ms, valid
  PSO: {[5,3], [4,7], [1,0], [3,4], [8,1], [2,2], [6,8], [7,6], [0,5]}, 174ms, valid

Level 108:
  Backtracking: {[2,5], [5,1], [0,8], [8,0], [4,3], [1,2], [3,7], [6,6], [7,4]}, 0ms, valid
  PSO: {[2,5], [5,1], [0,8], [8,0], [4,3], [1,2], [3,7], [6,6], [7,4]}, 245ms, valid

Level 109:
  Backtracking: {[4,2], [7,1], [3,0], [0,5], [6,7], [1,8], [2,3], [8,6], [5,4]}, 0ms, valid
  PSO: {[4,2], [7,1], [3,0], [0,5], [6,7], [1,8], [2,3], [8,6], [5,4]}, 264ms, valid

Level 110:
  Backtracking: {[8,2], [4,5], [0,1], [1,3], [2,6], [6,4], [5,8], [3,0], [7,7]}, 0ms, valid
  PSO: {[8,2], [7,6], [1,1], [3,3], [2,5], [6,4], [5,7], [4,0], [8,8]}, 37280ms, not valid, fitness = 1.0 (adj = 0, att = 1)

Level 111:
  Backtracking: {[2,0], [5,3], [8,7], [3,4], [4,1], [1,6], [7,2], [0,8], [6,5]}, 0ms, valid
  PSO: {[1,2], [5,3], [8,6], [3,4], [4,1], [2,7], [7,3], [0,8], [6,5]}, 37529ms, not valid, fitness = 1.0 (adj = 0, att = 1)

Level 112:
  Backtracking: {[7,5], [6,2], [1,4], [0,7], [5,0], [2,8], [8,1], [4,3], [3,6]}, 0ms, valid
  PSO: {[7,5], [6,2], [1,4], [0,7], [5,0], [2,8], [8,1], [4,3], [3,6]}, 159ms, valid

Level 113:
  Backtracking: {[3,5], [7,1], [1,7], [2,2], [5,6], [8,8], [6,4], [0,0], [4,3]}, 0ms, valid
  PSO: {[3,5], [7,1], [1,7], [2,2], [5,6], [8,8], [6,4], [0,0], [4,3]}, 245ms, valid

Level 114:
  Backtracking: {[3,6], [5,1], [4,3], [1,4], [6,7], [2,2], [0,8], [8,0], [7,5]}, 0ms, valid
  PSO: {[3,5], [5,1], [4,3], [1,6], [4,7], [2,2], [0,8], [8,0], [6,4]}, 37845ms, not valid, fitness = 1.0 (adj = 0, att = 1)

Level 115:
  Backtracking: {[7,1], [8,3], [4,5], [2,4], [5,2], [0,7], [6,6], [1,0], [3,8]}, 1ms, valid
  PSO: {[2,1], [7,0], [4,5], [3,3], [5,2], [1,8], [6,6], [0,4], [4,7]}, 37244ms, not valid, fitness = 1.0 (adj = 0, att = 1)

Level 116:
  Backtracking: {[4,4], [8,7], [1,5], [5,8], [0,0], [7,2], [3,1], [6,6], [2,3]}, 1ms, valid
  PSO: {[4,4], [8,7], [1,5], [5,8], [0,0], [7,2], [3,1], [6,6], [2,3]}, 157ms, valid

Level 117:
  Backtracking: {[2,6], [7,8], [0,7], [3,0], [4,3], [1,4], [5,5], [8,1], [6,2]}, 0ms, valid
  PSO: {[2,4], [8,8], [0,1], [3,0], [4,3], [1,7], [5,5], [7,0], [6,2]}, 44382ms, not valid, fitness = 1.0 (adj = 0, att = 1)

Level 118:
  Backtracking: {[8,0], [5,8], [0,4], [4,3], [3,7], [2,1], [7,5], [6,2], [1,6]}, 0ms, valid
  PSO: {[8,0], [5,8], [0,4], [4,3], [3,7], [2,1], [7,5], [6,2], [1,6]}, 182ms, valid

Level 119:
  Backtracking: {[1,8], [5,2], [3,1], [0,4], [4,5], [7,0], [8,7], [6,6], [2,3]}, 0ms, valid
  PSO: {[1,8], [5,2], [3,1], [0,4], [4,5], [7,0], [8,7], [6,6], [2,3]}, 261ms, valid

Level 120:
  Backtracking: {[0,8], [7,7], [5,5], [1,2], [3,1], [4,3], [8,4], [6,0], [2,6]}, 0ms, valid
  PSO: {[0,8], [7,7], [5,5], [1,2], [3,1], [4,3], [8,4], [6,0], [2,6]}, 240ms, valid

Level 121:
  Backtracking: {[8,0], [6,2], [0,8], [1,3], [3,7], [2,5], [7,4], [5,6], [4,1]}, 0ms, valid
  PSO: {[8,0], [6,2], [0,8], [1,3], [3,7], [2,5], [7,4], [5,6], [4,1]}, 243ms, valid

Level 122:
  Backtracking: {[6,4], [3,7], [1,2], [2,5], [4,3], [7,1], [0,6], [5,0], [8,8]}, 0ms, valid
  PSO: {[6,4], [3,7], [1,2], [2,5], [4,3], [7,1], [0,6], [5,0], [8,8]}, 267ms, valid

Level 123:
  Backtracking: {[3,6], [5,5], [8,0], [0,8], [6,2], [2,4], [1,1], [4,3], [7,7]}, 0ms, valid
  PSO: {[3,6], [5,5], [8,0], [0,8], [6,2], [2,4], [1,1], [4,3], [7,7]}, 267ms, valid

Level 124:
  Backtracking: {[3,5], [4,3], [5,0], [2,1], [7,8], [1,4], [8,2], [6,6], [0,7]}, 0ms, valid
  PSO: {[3,5], [4,3], [5,0], [2,1], [6,8], [1,4], [8,2], [4,7], [0,6]}, 37832ms, not valid, fitness = 1.0 (adj = 0, att = 1)

Level 125:
  Backtracking: {[7,3], [4,2], [3,5], [1,1], [5,4], [2,7], [8,0], [6,6], [0,8]}, 0ms, valid
  PSO: {[7,3], [4,2], [3,5], [1,1], [5,4], [2,7], [8,0], [6,6], [0,8]}, 162ms, valid

Level 126:
  Backtracking: {[7,6], [8,8], [4,2], [0,7], [3,5], [1,1], [5,4], [6,0], [2,3]}, 1ms, valid
  PSO: {[7,6], [8,8], [4,2], [0,7], [3,5], [1,1], [5,4], [6,0], [2,3]}, 248ms, valid

Level 127:
  Backtracking: {[5,4], [7,5], [6,2], [0,3], [4,1], [1,7], [8,8], [2,0], [3,6]}, 2ms, valid
  PSO: {[5,4], [7,5], [6,2], [0,3], [4,1], [1,7], [8,8], [2,0], [3,6]}, 161ms, valid

Level 128:
  Backtracking: {[5,4], [3,6], [6,0], [7,8], [2,2], [4,1], [0,7], [8,3], [1,5]}, 1ms, valid
  PSO: {[5,4], [3,6], [6,0], [7,8], [2,2], [4,1], [0,7], [8,3], [1,5]}, 244ms, valid

Level 129:
  Backtracking: {[3,5], [8,7], [5,6], [1,3], [2,0], [0,1], [6,4], [7,2], [4,8]}, 1ms, valid
  PSO: {[3,5], [8,7], [5,6], [1,3], [2,0], [0,1], [6,4], [7,2], [4,8]}, 325ms, valid

Level 130:
  Backtracking: {[5,3], [8,5], [2,6], [1,4], [6,1], [3,2], [0,7], [7,8], [4,0]}, 0ms, valid
  PSO: {[5,3], [8,5], [2,7], [1,4], [3,1], [6,6], [4,8], [7,8], [0,2]}, 38038ms, not valid, fitness = 1.0 (adj = 0, att = 1)

Level 131:
  Backtracking: {[1,5], [0,7], [4,2], [3,0], [5,4], [6,1], [2,8], [8,3], [7,6]}, 1ms, valid
  PSO: {[1,5], [0,7], [4,2], [3,0], [5,4], [6,1], [2,8], [8,3], [7,6]}, 160ms, valid

Level 132:
  Backtracking: {[6,1], [0,4], [1,2], [5,7], [3,8], [2,5], [8,6], [7,3], [4,0]}, 0ms, valid
  PSO: {[6,1], [0,4], [1,2], [5,7], [3,8], [2,5], [8,6], [7,3], [4,0]}, 141ms, valid

Level 133:
  Backtracking: {[4,8], [3,1], [5,0], [0,3], [1,6], [2,4], [6,2], [8,7], [7,5]}, 0ms, valid
  PSO: {[6,6], [3,2], [4,0], [0,3], [2,7], [1,5], [7,1], [7,8], [8,4]}, 38221ms, not valid, fitness = 1.0 (adj = 0, att = 1)

Level 134:
  Backtracking: {[4,5], [3,3], [5,1], [8,8], [7,4], [1,2], [6,6], [0,0], [2,7]}, 0ms, valid
  PSO: {[4,5], [3,3], [5,1], [8,8], [7,4], [1,2], [6,6], [0,0], [2,7]}, 272ms, valid

Level 135:
  Backtracking: {[4,3], [6,1], [8,0], [0,7], [2,5], [7,4], [3,8], [5,6], [1,2]}, 0ms, valid
  PSO: {[4,3], [6,1], [8,0], [0,7], [2,5], [7,4], [3,8], [5,6], [1,2]}, 260ms, valid

Level 136:
  Backtracking: {[5,2], [3,4], [0,7], [4,0], [6,6], [1,5], [8,3], [7,1], [2,8]}, 1ms, valid
  PSO: {[6,2], [3,3], [0,4], [1,1], [6,5], [2,6], [7,7], [5,0], [4,8]}, 37888ms, not valid, fitness = 1.0 (adj = 0, att = 1)

Level 137:
  Backtracking: {[4,3], [6,7], [3,8], [1,4], [2,1], [0,6], [5,5], [8,0], [7,2]}, 0ms, valid
  PSO: {[3,4], [6,7], [2,8], [0,3], [2,1], [1,6], [5,5], [8,0], [7,2]}, 38207ms, not valid, fitness = 1.0 (adj = 0, att = 1)

Level 138:
  Backtracking: {[4,4], [8,6], [5,1], [0,2], [3,7], [1,8], [7,0], [6,5], [2,3]}, 0ms, valid
  PSO: {[4,4], [8,6], [5,1], [0,2], [3,7], [1,8], [7,0], [6,5], [2,3]}, 148ms, valid

Level 139:
  Backtracking: {[8,7], [5,3], [2,4], [0,6], [7,1], [3,2], [4,0], [6,5], [1,8]}, 1ms, valid
  PSO: {[8,7], [5,3], [2,4], [0,6], [7,1], [3,2], [4,0], [6,5], [1,8]}, 246ms, valid

Level 140:
  Backtracking: {[4,6], [6,1], [0,8], [8,0], [3,3], [7,7], [2,5], [5,4], [1,2]}, 0ms, valid
  PSO: {[4,6], [6,1], [8,8], [0,0], [3,3], [7,4], [2,5], [5,4], [1,2]}, 38373ms, not valid, fitness = 1.0 (adj = 0, att = 1)

Level 141:
  Backtracking: {[6,6], [5,2], [2,4], [1,7], [4,8], [0,3], [8,5], [7,0], [3,1]}, 0ms, valid
  PSO: {[6,6], [4,2], [2,5], [5,4], [3,8], [0,3], [8,7], [8,1], [1,0]}, 37627ms, not valid, fitness = 1.0 (adj = 0, att = 1)

Level 142:
  Backtracking: {[1,5], [5,3], [4,1], [7,8], [2,0], [6,6], [8,2], [3,4], [0,7]}, 1ms, valid
  PSO: {[1,5], [5,3], [4,1], [7,8], [2,0], [6,6], [8,2], [3,4], [0,7]}, 294ms, valid

Level 143:
  Backtracking: {[0,4], [2,6], [4,5], [5,7], [3,3], [7,0], [8,8], [1,1], [6,2]}, 0ms, valid
  PSO: {[0,6], [3,7], [4,5], [5,7], [2,3], [7,2], [8,8], [1,0], [6,4]}, 38354ms, not valid, fitness = 1.0 (adj = 0, att = 1)

Level 144:
  Backtracking: {[0,0], [4,8], [3,1], [5,2], [2,3], [8,7], [7,4], [6,6], [1,5]}, 0ms, valid
  PSO: {[2,1], [4,8], [7,0], [5,2], [3,3], [8,7], [8,4], [6,6], [1,5]}, 38200ms, not valid, fitness = 1.0 (adj = 0, att = 1)

Level 145:
  Backtracking: {[0,4], [3,6], [8,7], [6,8], [2,3], [5,5], [7,1], [4,2], [1,0]}, 0ms, valid
  PSO: {[1,7], [3,6], [7,6], [6,8], [2,3], [5,5], [8,4], [4,2], [0,0]}, 38576ms, not valid, fitness = 1.0 (adj = 0, att = 1)

Level 146:
  Backtracking: {[0,3], [5,5], [3,2], [6,7], [2,4], [8,6], [7,0], [4,8], [1,1]}, 0ms, valid
  PSO: {[0,3], [5,5], [3,2], [6,7], [2,4], [8,6], [7,0], [4,8], [1,1]}, 281ms, valid

Level 147:
  Backtracking: {[0,1], [4,8], [2,7], [7,4], [3,3], [6,6], [8,2], [5,0], [1,5]}, 0ms, valid
  PSO: {[0,1], [4,8], [2,7], [7,4], [3,3], [6,6], [8,2], [5,0], [1,5]}, 338ms, valid

Level 148:
  Backtracking: {[0,4], [5,8], [4,6], [7,7], [2,5], [3,3], [8,0], [6,1], [1,2]}, 1ms, valid
  PSO: {[0,4], [5,8], [4,6], [7,7], [2,5], [6,3], [8,0], [8,2], [1,1]}, 37758ms, not valid, fitness = 1.0 (adj = 0, att = 1)

Level 149:
  Backtracking: {[1,8], [6,4], [5,2], [7,6], [3,7], [4,5], [8,3], [0,0], [2,1]}, 0ms, valid
  PSO: {[1,8], [6,4], [5,2], [7,6], [3,7], [4,5], [8,3], [0,0], [2,1]}, 255ms, valid

Level 150:
  Backtracking: {[6,7], [4,4], [3,0], [7,5], [2,2], [0,6], [8,3], [5,1], [1,8]}, 1ms, valid
  PSO: {[6,7], [4,4], [3,0], [7,5], [2,2], [0,6], [8,3], [5,1], [1,8]}, 164ms, valid

