======= 11x11 | Batch 5 =======
Level 201:
  Backtracking: {[3,7], [9,0], [4,4], [1,1], [8,9], [7,2], [6,8], [10,6], [5,10], [0,5], [2,3]}, 3ms, valid
  PSO: {[3,7], [9,0], [5,5], [0,2], [8,10], [2,1], [7,8], [10,6], [6,10], [1,9], [4,3]}, 46897ms, not valid, fitness = 1.0 (adj = 0, att = 1)

Level 202:
  Backtracking: {[4,10], [9,7], [7,9], [5,1], [6,3], [0,5], [10,2], [1,8], [3,4], [8,0], [2,6]}, 0ms, valid
  PSO: {[4,10], [10,6], [7,9], [5,1], [6,3], [0,5], [9,2], [1,7], [3,4], [8,0], [4,8]}, 46205ms, not valid, fitness = 1.0 (adj = 0, att = 1)

Level 203:
  Backtracking: {[5,1], [10,9], [6,7], [2,2], [9,4], [1,5], [8,10], [4,8], [7,0], [0,3], [3,6]}, 0ms, valid
  PSO: {[6,3], [10,9], [8,7], [2,2], [9,4], [0,0], [8,10], [4,8], [7,1], [1,6], [5,5]}, 46120ms, not valid, fitness = 1.0 (adj = 0, att = 1)

Level 204:
  Backtracking: {[4,2], [7,10], [6,6], [2,3], [5,0], [1,7], [10,9], [8,8], [9,1], [0,4], [3,5]}, 0ms, valid
  PSO: {[5,4], [8,10], [7,6], [3,3], [6,1], [1,8], [10,9], [9,7], [10,2], [4,0], [2,5]}, 46265ms, not valid, fitness = 1.0 (adj = 0, att = 1)

Level 205:
  Backtracking: {[4,4], [7,3], [6,5], [2,6], [3,10], [5,8], [9,7], [10,1], [8,9], [0,2], [1,0]}, 0ms, valid
  PSO: {[4,4], [7,3], [6,5], [2,6], [3,10], [5,8], [9,7], [10,2], [8,9], [0,1], [9,0]}, 46377ms, not valid, fitness = 1.0 (adj = 0, att = 1)

Level 206:
  Backtracking: {[4,2], [9,6], [5,0], [1,1], [7,10], [2,9], [8,8], [10,3], [6,5], [0,4], [3,7]}, 1ms, valid
  PSO: {[4,2], [9,6], [5,0], [0,3], [7,10], [2,9], [8,8], [10,1], [6,5], [1,7], [3,6]}, 46508ms, not valid, fitness = 1.0 (adj = 0, att = 1)

Level 207:
  Backtracking: {[3,10], [10,0], [5,2], [0,4], [6,6], [9,9], [8,1], [2,3], [7,8], [1,7], [4,5]}, 0ms, valid
  PSO: {[4,9], [10,0], [10,3], [2,4], [6,7], [7,10], [8,2], [3,1], [9,8], [0,6], [5,5]}, 46344ms, not valid, fitness = 1.0 (adj = 0, att = 1)

Level 208:
  Backtracking: {[5,9], [10,8], [6,1], [1,2], [3,10], [8,6], [9,4], [2,0], [4,7], [0,5], [7,3]}, 0ms, valid
  PSO: {[5,9], [10,8], [5,0], [4,2], [3,10], [8,1], [9,6], [0,4], [6,5], [1,7], [7,3]}, 46118ms, not valid, fitness = 1.0 (adj = 0, att = 1)

Level 209:
  Backtracking: {[4,7], [10,6], [3,9], [2,5], [6,4], [0,10], [9,0], [8,3], [7,8], [1,1], [5,2]}, 1ms, valid
  PSO: {[3,6], [10,5], [4,8], [1,7], [5,4], [0,10], [9,0], [7,3], [6,9], [0,2], [2,1]}, 46580ms, not valid, fitness = 1.0 (adj = 0, att = 1)

Level 210:
  Backtracking: {[5,2], [10,9], [6,0], [0,7], [4,6], [1,4], [7,8], [3,1], [8,3], [9,5], [2,10]}, 4ms, valid
  PSO: {[3,3], [10,10], [7,1], [0,7], [5,9], [4,5], [8,8], [1,2], [6,4], [9,6], [2,10]}, 46663ms, not valid, fitness = 1.0 (adj = 0, att = 1)

Level 211:
  Backtracking: {[3,1], [10,10], [6,6], [4,3], [5,0], [1,2], [9,5], [8,9], [7,4], [0,7], [2,8]}, 0ms, valid
  PSO: {[3,1], [10,10], [6,6], [4,3], [5,0], [1,2], [9,5], [8,9], [7,4], [0,7], [2,8]}, 193ms, valid

Level 212:
  Backtracking: {[4,5], [8,4], [6,0], [5,2], [2,10], [1,1], [9,7], [10,9], [7,6], [0,3], [3,8]}, 0ms, valid
  PSO: {[4,6], [10,3], [6,0], [5,2], [2,10], [1,1], [9,7], [10,9], [7,5], [0,4], [3,8]}, 46897ms, not valid, fitness = 1.0 (adj = 0, att = 1)

Level 213:
  Backtracking: {[5,3], [9,8], [6,6], [1,1], [4,7], [0,10], [10,4], [2,9], [7,0], [8,2], [3,5]}, 0ms, valid
  PSO: {[6,1], [9,8], [7,9], [0,2], [4,6], [1,10], [10,3], [2,7], [8,5], [9,0], [3,4]}, 47483ms, not valid, fitness = 1.0 (adj = 0, att = 1)

Level 214:
  Backtracking: {[4,2], [9,9], [6,3], [1,4], [8,5], [3,8], [10,6], [5,0], [7,7], [0,1], [2,10]}, 0ms, valid
  PSO: {[6,1], [9,9], [5,3], [1,4], [8,5], [3,8], [10,6], [4,0], [7,7], [0,1], [2,10]}, 46894ms, not valid, fitness = 1.0 (adj = 0, att = 1)

Level 215:
  Backtracking: {[3,7], [10,8], [8,5], [2,9], [7,0], [1,3], [9,2], [6,6], [5,4], [0,1], [4,10]}, 1ms, valid
  PSO: {[6,8], [9,7], [8,5], [2,9], [7,0], [1,3], [10,2], [6,6], [5,4], [3,1], [4,10]}, 46649ms, not valid, fitness = 1.0 (adj = 0, att = 1)

Level 216:
  Backtracking: {[9,0], [10,4], [2,7], [7,1], [3,9], [0,8], [4,2], [8,5], [6,3], [5,6], [1,10]}, 0ms, valid
  PSO: {[9,0], [10,5], [2,7], [7,1], [3,9], [0,8], [4,2], [8,6], [6,4], [5,6], [1,10]}, 47042ms, not valid, fitness = 1.0 (adj = 0, att = 1)

Level 217:
  Backtracking: {[5,0], [6,5], [9,1], [1,8], [3,9], [0,10], [10,3], [8,4], [7,7], [2,2], [4,6]}, 1ms, valid
  PSO: {[7,0], [9,6], [5,1], [1,8], [3,9], [0,10], [10,3], [8,4], [6,8], [2,2], [4,7]}, 47354ms, not valid, fitness = 1.0 (adj = 0, att = 1)

Level 218:
  Backtracking: {[3,5], [8,10], [6,3], [2,0], [9,7], [1,4], [0,6], [4,9], [10,2], [7,8], [5,1]}, 1ms, valid
  PSO: {[3,4], [8,10], [6,3], [2,0], [9,7], [1,6], [0,10], [4,9], [10,2], [7,8], [5,1]}, 47113ms, not valid, fitness = 1.0 (adj = 0, att = 1)

Level 219:
  Backtracking: {[5,6], [9,0], [6,4], [1,7], [4,10], [3,2], [8,3], [7,1], [10,8], [0,5], [2,9]}, 1ms, valid
  PSO: {[5,6], [9,0], [6,4], [1,5], [4,10], [3,2], [8,3], [7,1], [10,8], [0,3], [2,7]}, 48106ms, not valid, fitness = 1.0 (adj = 0, att = 1)

Level 220:
  Backtracking: {[4,2], [10,6], [7,1], [2,4], [3,9], [0,8], [6,3], [5,5], [9,0], [8,7], [1,10]}, 1ms, valid
  PSO: {[3,0], [9,2], [7,1], [2,4], [4,8], [0,7], [6,3], [5,5], [10,0], [8,6], [1,10]}, 47359ms, not valid, fitness = 1.0 (adj = 0, att = 1)

Level 221:
  Backtracking: {[4,8], [10,10], [6,2], [2,5], [5,0], [7,9], [9,3], [0,4], [8,6], [3,1], [1,7]}, 0ms, valid
  PSO: {[4,8], [10,10], [6,2], [2,5], [5,0], [7,9], [9,3], [0,4], [8,6], [3,1], [1,7]}, 387ms, valid

Level 222:
  Backtracking: {[3,6], [10,7], [5,8], [4,10], [7,2], [0,5], [9,1], [8,4], [2,9], [1,3], [6,0]}, 0ms, valid
  PSO: {[3,7], [9,9], [5,8], [4,10], [8,2], [1,6], [10,1], [7,4], [2,9], [0,3], [6,0]}, 46278ms, not valid, fitness = 1.0 (adj = 0, att = 1)

Level 223:
  Backtracking: {[4,10], [9,3], [7,9], [2,0], [5,2], [0,1], [8,7], [10,6], [6,5], [1,4], [3,8]}, 1ms, valid
  PSO: {[7,10], [9,5], [5,8], [2,2], [4,3], [0,0], [8,7], [10,9], [6,6], [1,4], [3,9]}, 46345ms, not valid, fitness = 1.0 (adj = 0, att = 1)

Level 224:
  Backtracking: {[2,8], [5,5], [7,7], [4,0], [8,2], [1,10], [6,3], [9,9], [0,4], [10,1], [3,6]}, 1ms, valid
  PSO: {[2,10], [5,6], [7,7], [1,4], [8,2], [0,9], [6,3], [9,8], [3,5], [10,0], [4,10]}, 45749ms, not valid, fitness = 1.0 (adj = 0, att = 1)

Level 225:
  Backtracking: {[4,6], [9,9], [6,10], [3,0], [5,8], [8,1], [10,3], [0,4], [7,5], [1,7], [2,2]}, 0ms, valid
  PSO: {[5,6], [10,7], [7,10], [6,1], [4,9], [9,0], [10,3], [0,5], [8,8], [3,4], [2,2]}, 46753ms, not valid, fitness = 1.0 (adj = 0, att = 1)

Level 226:
  Backtracking: {[2,7], [9,8], [7,3], [1,0], [6,5], [3,9], [8,10], [4,6], [5,2], [0,4], [10,1]}, 1ms, valid
  PSO: {[2,7], [10,8], [7,3], [1,1], [5,5], [4,9], [8,10], [9,6], [6,0], [0,4], [10,2]}, 46064ms, not valid, fitness = 1.0 (adj = 0, att = 1)

Level 227:
  Backtracking: {[4,9], [9,2], [7,3], [5,1], [3,7], [0,8], [10,0], [8,5], [6,10], [2,4], [1,6]}, 1ms, valid
  PSO: {[4,10], [9,2], [8,9], [5,1], [3,7], [0,8], [10,0], [7,5], [6,10], [2,4], [1,6]}, 45902ms, not valid, fitness = 1.0 (adj = 0, att = 1)

Level 228:
  Backtracking: {[5,1], [9,10], [6,7], [2,9], [4,5], [7,3], [10,4], [1,6], [8,8], [0,2], [3,0]}, 16ms, valid
  PSO: {[4,2], [9,8], [5,7], [3,9], [4,5], [8,4], [10,3], [1,10], [7,6], [2,0], [6,1]}, 46143ms, not valid, fitness = 1.0 (adj = 0, att = 1)

Level 229:
  Backtracking: {[5,5], [10,7], [9,1], [3,0], [6,9], [2,10], [8,6], [7,4], [4,3], [0,2], [1,8]}, 1ms, valid
  PSO: {[5,2], [10,6], [8,0], [1,3], [4,7], [2,10], [9,9], [6,4], [3,5], [0,1], [1,8]}, 46118ms, not valid, fitness = 1.0 (adj = 0, att = 1)

Level 230:
  Backtracking: {[4,9], [10,2], [6,4], [5,6], [7,7], [2,5], [9,10], [8,3], [1,8], [0,0], [3,1]}, 0ms, valid
  PSO: {[4,9], [10,2], [6,4], [5,6], [7,7], [2,5], [9,10], [8,3], [1,8], [0,0], [3,1]}, 473ms, valid

Level 231:
  Backtracking: {[4,6], [10,2], [7,7], [0,9], [6,3], [3,8], [9,0], [8,4], [1,5], [5,1], [2,10]}, 1ms, valid
  PSO: {[4,6], [10,2], [7,7], [0,9], [6,3], [3,8], [9,0], [8,4], [1,5], [5,1], [2,10]}, 297ms, valid

Level 232:
  Backtracking: {[6,0], [9,4], [5,3], [1,1], [4,9], [8,7], [2,10], [7,5], [10,8], [0,6], [3,2]}, 1ms, valid
  PSO: {[9,2], [10,6], [5,3], [4,1], [3,9], [8,7], [1,10], [7,5], [6,10], [0,8], [2,4]}, 46469ms, not valid, fitness = 1.0 (adj = 0, att = 1)

Level 233:
  Backtracking: {[5,7], [10,1], [6,10], [2,0], [4,4], [1,2], [9,6], [7,8], [0,5], [8,3], [3,9]}, 1ms, valid
  PSO: {[5,7], [8,2], [6,10], [2,0], [4,4], [1,3], [10,9], [7,8], [0,6], [9,5], [3,8]}, 46745ms, not valid, fitness = 1.0 (adj = 0, att = 1)

Level 234:
  Backtracking: {[6,6], [9,9], [5,10], [2,1], [4,4], [1,5], [8,3], [7,8], [10,2], [0,0], [3,7]}, 0ms, valid
  PSO: {[6,5], [10,9], [5,10], [3,0], [4,4], [2,2], [9,3], [7,8], [8,1], [0,0], [1,7]}, 46906ms, not valid, fitness = 1.0 (adj = 0, att = 1)

Level 235:
  Backtracking: {[7,5], [10,9], [4,3], [2,4], [5,6], [1,2], [6,0], [8,10], [9,7], [0,8], [3,1]}, 1ms, valid
  PSO: {[7,5], [10,9], [4,3], [2,4], [5,6], [1,2], [6,0], [8,10], [9,7], [0,8], [3,1]}, 284ms, valid

Level 236:
  Backtracking: {[3,0], [9,4], [8,2], [5,5], [4,8], [1,1], [6,9], [7,7], [10,10], [0,6], [2,3]}, 0ms, valid
  PSO: {[3,0], [8,4], [10,2], [6,5], [4,7], [5,1], [7,9], [9,6], [10,10], [0,8], [2,3]}, 46504ms, not valid, fitness = 1.0 (adj = 0, att = 1)

Level 237:
  Backtracking: {[1,10], [10,7], [5,3], [2,4], [6,1], [4,0], [8,6], [7,8], [9,9], [0,5], [3,2]}, 0ms, valid
  PSO: {[3,9], [6,6], [10,1], [0,3], [5,4], [4,0], [8,6], [7,8], [9,10], [1,5], [2,2]}, 47168ms, not valid, fitness = 1.0 (adj = 0, att = 1)

Level 238:
  Backtracking: {[3,9], [9,1], [7,4], [2,6], [5,10], [1,0], [10,3], [6,2], [8,8], [0,7], [4,5]}, 0ms, valid
  PSO: {[3,9], [9,1], [7,4], [1,5], [5,10], [2,0], [10,3], [6,2], [8,8], [0,7], [9,6]}, 47472ms, not valid, fitness = 1.0 (adj = 0, att = 1)

Level 239:
  Backtracking: {[0,10], [9,0], [5,5], [4,2], [2,6], [8,3], [6,7], [7,1], [10,4], [1,8], [3,9]}, 0ms, valid
  PSO: {[0,10], [9,0], [5,5], [4,2], [2,6], [8,3], [6,7], [7,1], [10,4], [1,8], [3,9]}, 377ms, valid

Level 240:
  Backtracking: {[5,9], [10,7], [8,8], [1,4], [4,3], [2,0], [9,5], [7,6], [6,2], [0,1], [3,10]}, 0ms, valid
  PSO: {[5,9], [10,7], [8,8], [2,4], [4,3], [7,0], [9,5], [7,6], [6,2], [1,1], [3,10]}, 47323ms, not valid, fitness = 1.0 (adj = 0, att = 1)

Level 241:
  Backtracking: {[1,9], [10,3], [7,4], [3,5], [5,8], [0,6], [9,7], [8,1], [6,10], [2,2], [4,0]}, 1ms, valid
  PSO: {[1,10], [10,3], [7,4], [3,5], [5,6], [0,1], [9,7], [8,1], [6,8], [2,2], [4,0]}, 46482ms, not valid, fitness = 1.0 (adj = 0, att = 1)

Level 242:
  Backtracking: {[4,3], [8,8], [5,9], [3,6], [6,2], [1,4], [10,7], [7,5], [9,10], [0,0], [2,1]}, 0ms, valid
  PSO: {[4,3], [8,7], [6,10], [3,5], [7,1], [1,8], [10,6], [8,4], [9,9], [0,2], [5,0]}, 47765ms, not valid, fitness = 1.0 (adj = 0, att = 1)

Level 243:
  Backtracking: {[4,3], [9,0], [6,7], [2,10], [5,5], [1,8], [10,6], [8,2], [7,9], [0,4], [3,1]}, 1ms, valid
  PSO: {[4,3], [9,0], [6,7], [2,10], [5,5], [1,8], [10,6], [8,2], [7,9], [0,4], [3,1]}, 414ms, valid

Level 244:
  Backtracking: {[3,7], [9,10], [6,0], [1,6], [5,3], [0,4], [10,8], [8,5], [4,1], [2,9], [7,2]}, 1ms, valid
  PSO: {[3,7], [9,10], [6,0], [1,6], [5,3], [0,4], [10,8], [8,5], [4,1], [2,9], [7,2]}, 307ms, valid

Level 245:
  Backtracking: {[3,4], [10,7], [6,8], [4,10], [1,0], [5,5], [7,1], [8,9], [9,3], [0,6], [2,2]}, 0ms, valid
  PSO: {[4,4], [10,9], [6,8], [5,10], [3,1], [0,5], [9,2], [8,10], [7,6], [1,7], [2,3]}, 47247ms, not valid, fitness = 1.0 (adj = 0, att = 1)

Level 246:
  Backtracking: {[2,1], [10,3], [7,4], [3,6], [5,5], [0,2], [6,8], [8,7], [9,0], [1,9], [4,10]}, 0ms, valid
  PSO: {[4,1], [10,3], [7,4], [6,9], [5,5], [1,2], [10,8], [8,7], [9,0], [2,6], [3,10]}, 47246ms, not valid, fitness = 1.0 (adj = 0, att = 1)

Level 247:
  Backtracking: {[4,0], [10,7], [6,5], [5,10], [2,1], [7,8], [9,3], [0,2], [8,6], [1,4], [3,9]}, 0ms, valid
  PSO: {[5,0], [10,8], [6,5], [7,10], [4,4], [8,7], [9,3], [0,1], [7,2], [2,6], [3,9]}, 46324ms, not valid, fitness = 1.0 (adj = 0, att = 1)

Level 248:
  Backtracking: {[4,6], [10,9], [9,1], [3,3], [6,7], [1,2], [8,10], [5,4], [7,0], [0,5], [2,8]}, 1ms, valid
  PSO: {[4,6], [10,9], [9,1], [3,3], [6,7], [1,2], [8,10], [5,4], [7,0], [0,5], [2,8]}, 305ms, valid

Level 249:
  Backtracking: {[1,3], [10,2], [6,1], [2,5], [4,4], [7,6], [9,7], [8,0], [5,10], [0,8], [3,9]}, 1ms, valid
  PSO: {[1,4], [10,3], [9,1], [6,7], [4,5], [0,2], [10,8], [7,0], [5,10], [2,6], [3,9]}, 46396ms, not valid, fitness = 1.0 (adj = 0, att = 1)

Level 250:
  Backtracking: {[9,8], [7,4], [3,10], [2,2], [5,3], [1,9], [10,5], [8,6], [6,0], [0,1], [4,7]}, 1ms, valid
  PSO: {[9,8], [7,4], [4,9], [3,2], [9,3], [2,10], [10,5], [8,6], [6,0], [0,1], [5,7]}, 46054ms, not valid, fitness = 1.0 (adj = 0, att = 1)

