======= 11x11 | Batch 3 =======
Level 101:
  Backtracking: {[2,6], [8,9], [3,10], [4,3], [6,8], [0,5], [9,7], [10,2], [7,4], [1,1], [5,0]}, 1ms, valid
  PSO: {[1,7], [8,9], [4,10], [7,3], [6,8], [2,5], [10,6], [10,2], [9,4], [0,1], [5,0]}, 46992ms, not valid, fitness = 1.0 (adj = 0, att = 1)

Level 102:
  Backtracking: {[5,1], [8,10], [7,8], [1,2], [6,3], [2,4], [9,6], [4,9], [10,0], [0,5], [3,7]}, 1ms, valid
  PSO: {[4,1], [8,10], [6,7], [1,0], [10,4], [2,3], [9,6], [5,10], [7,2], [0,9], [3,8]}, 47143ms, not valid, fitness = 1.0 (adj = 0, att = 1)

Level 103:
  Backtracking: {[3,0], [9,2], [4,10], [1,4], [6,7], [2,6], [8,8], [7,5], [10,9], [0,1], [5,3]}, 1ms, valid
  PSO: {[8,1], [9,3], [4,10], [2,2], [6,7], [3,6], [8,8], [7,5], [10,9], [1,0], [5,4]}, 47537ms, not valid, fitness = 1.0 (adj = 0, att = 1)

Level 104:
  Backtracking: {[10,9], [6,6], [4,1], [1,8], [5,3], [0,5], [3,4], [9,2], [7,10], [2,0], [8,7]}, 0ms, valid
  PSO: {[10,9], [8,9], [4,1], [1,8], [5,3], [0,6], [3,5], [9,2], [6,10], [2,0], [7,7]}, 46793ms, not valid, fitness = 1.0 (adj = 0, att = 1)

Level 105:
  Backtracking: {[6,6], [9,7], [10,4], [2,0], [4,10], [0,1], [7,9], [5,8], [8,2], [1,3], [3,5]}, 0ms, valid
  PSO: {[6,6], [9,8], [8,5], [2,0], [4,10], [1,2], [7,9], [5,8], [10,1], [3,3], [0,7]}, 47724ms, not valid, fitness = 1.0 (adj = 0, att = 1)

Level 106:
  Backtracking: {[4,3], [10,5], [5,9], [2,7], [6,6], [0,4], [8,8], [7,10], [9,2], [1,0], [3,1]}, 0ms, valid
  PSO: {[9,0], [10,7], [5,9], [4,4], [6,6], [2,5], [8,8], [7,10], [7,2], [0,3], [3,1]}, 47865ms, not valid, fitness = 1.0 (adj = 0, att = 1)

Level 107:
  Backtracking: {[2,3], [10,5], [7,9], [8,7], [4,8], [0,2], [3,0], [9,1], [5,10], [6,4], [1,6]}, 1ms, valid
  PSO: {[1,3], [10,6], [7,10], [8,7], [3,10], [4,5], [2,1], [9,0], [5,9], [6,4], [0,8]}, 47075ms, not valid, fitness = 1.0 (adj = 0, att = 1)

Level 108:
  Backtracking: {[4,9], [10,6], [6,10], [2,1], [7,5], [1,8], [9,4], [5,0], [8,7], [0,2], [3,3]}, 0ms, valid
  PSO: {[4,9], [9,10], [6,10], [2,2], [5,6], [0,8], [10,3], [7,0], [8,7], [1,4], [3,5]}, 46208ms, not valid, fitness = 1.0 (adj = 0, att = 1)

Level 109:
  Backtracking: {[7,8], [9,5], [4,9], [2,4], [5,7], [1,1], [10,0], [8,10], [6,3], [0,6], [3,2]}, 0ms, valid
  PSO: {[7,8], [9,5], [4,9], [2,4], [5,7], [1,1], [10,0], [8,10], [6,3], [0,6], [3,2]}, 400ms, valid

Level 110:
  Backtracking: {[3,2], [10,6], [6,5], [2,10], [4,4], [0,8], [8,7], [9,9], [7,0], [1,3], [5,1]}, 0ms, valid
  PSO: {[2,2], [10,6], [4,5], [1,10], [5,3], [0,8], [8,7], [9,9], [7,4], [0,1], [3,0]}, 46490ms, not valid, fitness = 1.0 (adj = 0, att = 1)

Level 111:
  Backtracking: {[4,8], [9,3], [10,0], [3,2], [5,5], [2,9], [7,6], [8,1], [6,10], [0,4], [1,7]}, 1ms, valid
  PSO: {[4,9], [9,4], [10,2], [3,0], [5,5], [0,10], [7,7], [8,1], [6,10], [1,6], [2,8]}, 46586ms, not valid, fitness = 1.0 (adj = 0, att = 1)

Level 112:
  Backtracking: {[8,5], [9,1], [6,10], [2,9], [5,4], [1,7], [10,6], [7,8], [3,0], [0,3], [4,2]}, 1ms, valid
  PSO: {[8,5], [9,1], [6,10], [2,9], [5,4], [0,9], [10,7], [7,8], [3,2], [1,0], [4,6]}, 46594ms, not valid, fitness = 1.0 (adj = 0, att = 1)

Level 113:
  Backtracking: {[4,6], [10,0], [6,5], [2,1], [5,8], [8,4], [1,9], [9,2], [7,10], [0,7], [3,3]}, 1ms, valid
  PSO: {[7,8], [10,1], [6,5], [1,0], [5,7], [9,6], [2,9], [8,3], [7,10], [0,4], [3,2]}, 46471ms, not valid, fitness = 1.0 (adj = 0, att = 1)

Level 114:
  Backtracking: {[5,7], [10,10], [7,9], [2,2], [6,0], [1,6], [9,3], [3,8], [8,1], [0,4], [4,5]}, 1ms, valid
  PSO: {[6,6], [10,10], [5,9], [4,0], [10,5], [1,7], [9,3], [3,8], [8,1], [0,2], [7,4]}, 46043ms, not valid, fitness = 1.0 (adj = 0, att = 1)

Level 115:
  Backtracking: {[8,3], [10,5], [6,4], [4,6], [5,9], [1,10], [9,0], [3,2], [7,1], [0,8], [2,7]}, 1ms, valid
  PSO: {[8,3], [10,5], [7,6], [3,4], [5,8], [4,10], [9,0], [0,1], [10,2], [1,9], [2,7]}, 46573ms, not valid, fitness = 1.0 (adj = 0, att = 1)

Level 116:
  Backtracking: {[2,3], [8,10], [5,9], [0,6], [9,8], [1,1], [6,5], [10,2], [7,7], [4,4], [3,0]}, 0ms, valid
  PSO: {[2,3], [10,10], [4,7], [0,9], [9,2], [1,1], [8,5], [6,1], [7,8], [5,4], [3,0]}, 46497ms, not valid, fitness = 1.0 (adj = 0, att = 1)

Level 117:
  Backtracking: {[2,3], [10,8], [7,7], [0,6], [5,2], [3,10], [6,5], [8,9], [4,4], [1,1], [9,0]}, 0ms, valid
  PSO: {[1,5], [10,8], [5,8], [2,7], [7,1], [3,10], [6,6], [8,9], [4,4], [0,3], [9,2]}, 46666ms, not valid, fitness = 1.0 (adj = 0, att = 1)

Level 118:
  Backtracking: {[1,8], [7,10], [6,2], [10,6], [3,3], [8,7], [2,0], [9,4], [5,9], [0,5], [4,1]}, 1ms, valid
  PSO: {[1,10], [8,10], [6,2], [9,7], [3,3], [7,8], [2,0], [10,4], [5,9], [0,6], [4,1]}, 46891ms, not valid, fitness = 1.0 (adj = 0, att = 1)

Level 119:
  Backtracking: {[3,9], [10,2], [7,10], [2,1], [5,7], [1,3], [9,8], [8,6], [6,0], [0,5], [4,4]}, 0ms, valid
  PSO: {[3,9], [10,2], [7,10], [2,1], [5,7], [1,3], [9,8], [8,6], [6,0], [0,5], [4,4]}, 381ms, valid

Level 120:
  Backtracking: {[5,3], [10,10], [6,6], [3,4], [4,9], [1,7], [9,5], [8,8], [7,0], [0,2], [2,1]}, 0ms, valid
  PSO: {[5,3], [10,10], [7,4], [0,5], [4,9], [1,7], [10,6], [9,8], [8,1], [3,2], [6,0]}, 46913ms, not valid, fitness = 1.0 (adj = 0, att = 1)

Level 121:
  Backtracking: {[5,1], [8,2], [6,5], [2,8], [4,10], [1,6], [10,9], [9,7], [7,0], [0,4], [3,3]}, 2ms, valid
  PSO: {[4,1], [8,2], [7,10], [2,8], [3,10], [1,6], [10,9], [9,7], [6,0], [0,4], [5,5]}, 47057ms, not valid, fitness = 1.0 (adj = 0, att = 1)

Level 122:
  Backtracking: {[4,5], [8,7], [6,8], [3,0], [5,1], [0,10], [10,6], [9,9], [7,3], [1,4], [2,2]}, 0ms, valid
  PSO: {[4,5], [8,7], [6,6], [3,0], [7,1], [0,8], [10,10], [8,9], [9,3], [1,4], [2,2]}, 47621ms, not valid, fitness = 1.0 (adj = 0, att = 1)

Level 123:
  Backtracking: {[5,6], [10,7], [6,9], [3,2], [4,4], [2,5], [9,3], [7,1], [8,8], [0,0], [1,10]}, 0ms, valid
  PSO: {[6,6], [10,7], [7,10], [3,2], [5,4], [2,5], [10,3], [9,0], [8,8], [1,1], [4,9]}, 47677ms, not valid, fitness = 1.0 (adj = 0, att = 1)

Level 124:
  Backtracking: {[4,5], [10,3], [6,1], [1,4], [5,9], [0,6], [9,0], [8,8], [7,10], [3,2], [2,7]}, 0ms, valid
  PSO: {[4,6], [10,3], [8,4], [1,5], [5,9], [0,2], [10,1], [9,7], [7,10], [2,0], [3,8]}, 47040ms, not valid, fitness = 1.0 (adj = 0, att = 1)

Level 125:
  Backtracking: {[3,8], [9,6], [6,7], [2,3], [4,5], [0,4], [7,1], [10,0], [8,10], [5,2], [1,9]}, 0ms, valid
  PSO: {[4,9], [9,7], [6,8], [2,4], [3,6], [0,5], [7,1], [10,0], [8,10], [5,3], [1,9]}, 47857ms, not valid, fitness = 1.0 (adj = 0, att = 1)

Level 126:
  Backtracking: {[1,9], [10,10], [7,8], [2,3], [5,7], [4,2], [8,5], [3,6], [6,0], [0,4], [9,1]}, 3ms, valid
  PSO: {[1,8], [9,10], [7,4], [3,3], [6,9], [5,1], [10,7], [4,5], [8,0], [0,6], [10,2]}, 47786ms, not valid, fitness = 1.0 (adj = 0, att = 1)

Level 127:
  Backtracking: {[7,2], [9,4], [6,5], [1,8], [3,7], [0,3], [8,6], [10,0], [4,9], [5,1], [2,10]}, 13ms, valid
  PSO: {[7,2], [10,5], [4,4], [0,10], [3,8], [1,5], [8,6], [9,1], [5,7], [2,0], [6,9]}, 47696ms, not valid, fitness = 1.0 (adj = 0, att = 1)

Level 128:
  Backtracking: {[5,8], [10,4], [6,5], [2,1], [3,10], [0,0], [7,3], [8,9], [9,2], [1,7], [4,6]}, 1ms, valid
  PSO: {[6,8], [10,4], [8,7], [2,1], [3,10], [0,0], [7,3], [9,9], [9,2], [1,6], [5,5]}, 46567ms, not valid, fitness = 1.0 (adj = 0, att = 1)

Level 129:
  Backtracking: {[6,7], [10,5], [7,3], [2,1], [5,0], [0,9], [9,10], [8,8], [4,2], [1,6], [3,4]}, 0ms, valid
  PSO: {[6,7], [9,8], [8,0], [2,2], [5,1], [0,9], [10,10], [7,9], [4,3], [1,6], [3,5]}, 46304ms, not valid, fitness = 1.0 (adj = 0, att = 1)

Level 130:
  Backtracking: {[10,9], [6,7], [4,3], [2,2], [5,10], [3,0], [8,1], [7,5], [9,6], [0,8], [1,4]}, 0ms, valid
  PSO: {[10,9], [8,8], [4,3], [2,2], [5,10], [3,0], [7,1], [6,5], [9,6], [0,9], [1,7]}, 45704ms, not valid, fitness = 1.0 (adj = 0, att = 1)

Level 131:
  Backtracking: {[2,9], [7,10], [6,8], [4,3], [5,6], [1,0], [10,1], [9,4], [8,7], [0,2], [3,5]}, 0ms, valid
  PSO: {[2,9], [9,10], [7,8], [4,4], [5,7], [3,0], [10,2], [8,1], [8,6], [1,3], [6,5]}, 46465ms, not valid, fitness = 1.0 (adj = 0, att = 1)

Level 132:
  Backtracking: {[4,8], [10,5], [5,10], [3,3], [6,6], [2,1], [7,2], [8,4], [9,9], [0,0], [1,7]}, 0ms, valid
  PSO: {[6,8], [10,5], [5,10], [3,3], [7,6], [1,2], [10,1], [8,4], [9,9], [4,0], [2,7]}, 46137ms, not valid, fitness = 1.0 (adj = 0, att = 1)

Level 133:
  Backtracking: {[4,10], [10,7], [6,5], [2,9], [8,1], [3,6], [9,4], [5,8], [7,3], [0,2], [1,0]}, 0ms, valid
  PSO: {[4,10], [10,7], [6,4], [3,8], [9,0], [2,6], [9,3], [7,9], [8,5], [0,1], [5,2]}, 46688ms, not valid, fitness = 1.0 (adj = 0, att = 1)

Level 134:
  Backtracking: {[4,3], [10,4], [6,5], [3,7], [5,1], [0,10], [7,0], [9,8], [2,9], [1,2], [8,6]}, 0ms, valid
  PSO: {[2,5], [10,4], [7,3], [3,7], [5,0], [1,10], [10,1], [9,8], [4,9], [0,2], [8,6]}, 46163ms, not valid, fitness = 1.0 (adj = 0, att = 1)

Level 135:
  Backtracking: {[7,5], [10,6], [6,8], [2,3], [5,1], [1,10], [9,9], [8,7], [4,4], [0,2], [3,0]}, 0ms, valid
  PSO: {[9,4], [10,7], [6,9], [2,3], [7,1], [0,8], [10,10], [8,6], [4,5], [5,2], [3,0]}, 46316ms, not valid, fitness = 1.0 (adj = 0, att = 1)

Level 136:
  Backtracking: {[3,7], [10,4], [5,6], [1,10], [8,0], [4,1], [9,2], [7,5], [6,9], [0,8], [2,3]}, 0ms, valid
  PSO: {[3,7], [10,3], [5,6], [1,10], [8,0], [4,1], [9,2], [7,5], [6,9], [0,8], [2,4]}, 46878ms, not valid, fitness = 1.0 (adj = 1, att = 0)

Level 137:
  Backtracking: {[4,2], [10,8], [7,7], [3,0], [5,4], [1,6], [9,10], [8,5], [6,9], [0,1], [2,3]}, 2ms, valid
  PSO: {[2,2], [10,8], [7,7], [4,1], [5,4], [3,9], [9,10], [8,5], [6,9], [1,0], [0,6]}, 47158ms, not valid, fitness = 1.0 (adj = 0, att = 1)

Level 138:
  Backtracking: {[3,6], [10,9], [7,5], [5,3], [4,1], [1,8], [9,2], [8,7], [6,0], [0,10], [2,4]}, 0ms, valid
  PSO: {[3,6], [10,8], [8,5], [5,3], [4,1], [7,9], [9,2], [8,7], [6,0], [1,10], [2,4]}, 46239ms, not valid, fitness = 1.0 (adj = 0, att = 1)

Level 139:
  Backtracking: {[7,0], [10,6], [6,2], [1,10], [4,9], [2,3], [8,8], [9,1], [5,7], [0,4], [3,5]}, 1ms, valid
  PSO: {[8,0], [10,6], [6,2], [2,7], [5,9], [4,1], [9,8], [10,3], [7,10], [0,4], [3,5]}, 46836ms, not valid, fitness = 1.0 (adj = 0, att = 1)

Level 140:
  Backtracking: {[3,4], [10,8], [9,1], [1,10], [7,0], [4,7], [8,6], [6,5], [5,9], [0,3], [2,2]}, 0ms, valid
  PSO: {[3,4], [10,8], [9,1], [1,10], [7,0], [4,7], [8,6], [6,5], [5,9], [0,3], [2,2]}, 408ms, valid

Level 141:
  Backtracking: {[6,4], [9,3], [10,1], [3,6], [4,8], [1,2], [7,9], [8,5], [5,10], [0,7], [2,0]}, 0ms, valid
  PSO: {[6,5], [7,3], [10,1], [3,6], [4,8], [1,4], [9,10], [8,7], [5,10], [0,9], [2,0]}, 47014ms, not valid, fitness = 1.0 (adj = 0, att = 1)

Level 142:
  Backtracking: {[1,8], [10,3], [7,6], [5,4], [4,9], [2,5], [6,10], [3,7], [8,2], [0,1], [9,0]}, 0ms, valid
  PSO: {[1,8], [10,3], [7,6], [4,1], [3,9], [2,5], [5,10], [3,7], [8,4], [0,2], [6,0]}, 47645ms, not valid, fitness = 1.0 (adj = 0, att = 1)

Level 143:
  Backtracking: {[2,5], [10,1], [9,7], [7,0], [6,6], [0,10], [4,9], [8,2], [5,4], [1,8], [3,3]}, 19ms, valid
  PSO: {[1,7], [10,0], [7,8], [8,1], [4,6], [0,10], [5,9], [9,4], [6,5], [2,10], [3,3]}, 47134ms, not valid, fitness = 1.0 (adj = 0, att = 1)

Level 144:
  Backtracking: {[3,2], [10,3], [5,8], [6,4], [4,6], [2,0], [1,7], [9,10], [7,9], [8,1], [0,5]}, 0ms, valid
  PSO: {[3,1], [10,3], [5,8], [6,5], [4,6], [1,0], [0,9], [9,10], [7,9], [8,2], [2,7]}, 47315ms, not valid, fitness = 1.0 (adj = 0, att = 1)

Level 145:
  Backtracking: {[3,3], [8,0], [6,7], [4,6], [5,4], [0,8], [9,10], [10,5], [7,2], [1,1], [2,9]}, 0ms, valid
  PSO: {[3,3], [9,1], [8,7], [4,6], [5,4], [0,8], [9,10], [10,5], [7,2], [2,0], [6,9]}, 47394ms, not valid, fitness = 1.0 (adj = 0, att = 1)

Level 146:
  Backtracking: {[6,1], [8,9], [10,3], [4,0], [3,8], [0,10], [9,7], [1,4], [5,5], [2,2], [7,6]}, 2ms, valid
  PSO: {[5,2], [9,10], [4,4], [10,0], [3,8], [0,9], [8,7], [1,5], [7,10], [2,3], [6,6]}, 47609ms, not valid, fitness = 1.0 (adj = 0, att = 1)

Level 147:
  Backtracking: {[4,1], [9,8], [6,6], [2,7], [7,2], [3,3], [8,5], [10,4], [5,9], [0,0], [1,10]}, 1ms, valid
  PSO: {[5,0], [9,8], [7,7], [3,6], [7,2], [4,3], [8,5], [10,4], [6,9], [0,1], [2,10]}, 46905ms, not valid, fitness = 1.0 (adj = 0, att = 1)

Level 148:
  Backtracking: {[3,3], [9,4], [6,10], [1,0], [5,7], [7,1], [10,2], [2,9], [8,6], [0,8], [4,5]}, 0ms, valid
  PSO: {[5,5], [9,4], [6,10], [1,1], [6,7], [8,0], [10,2], [4,9], [7,3], [0,8], [3,6]}, 46389ms, not valid, fitness = 1.0 (adj = 0, att = 1)

Level 149:
  Backtracking: {[4,7], [9,3], [7,5], [2,6], [5,10], [1,4], [10,1], [8,0], [6,8], [0,2], [3,9]}, 1ms, valid
  PSO: {[4,7], [9,4], [6,5], [1,8], [5,10], [2,3], [10,2], [8,1], [7,10], [0,0], [3,9]}, 46420ms, not valid, fitness = 1.0 (adj = 0, att = 1)

Level 150:
  Backtracking: {[3,0], [9,8], [6,4], [0,3], [4,9], [1,1], [7,7], [2,10], [8,5], [10,6], [5,2]}, 1ms, valid
  PSO: {[7,0], [9,8], [6,4], [1,5], [4,9], [2,1], [8,10], [0,7], [10,3], [10,6], [5,2]}, 46285ms, not valid, fitness = 1.0 (adj = 0, att = 1)

