======= 10x10 | Batch 1 =======
Level 1:
  Backtracking: {[4,4], [3,7], [2,1], [7,8], [0,3], [8,0], [9,9], [5,2], [1,6], [6,5]}, 1ms, valid
  PSO: {[2,4], [3,7], [1,1], [8,8], [0,3], [9,0], [7,6], [6,2], [0,9], [5,5]}, 41176ms, not valid, fitness = 1.0 (adj = 0, att = 1)

Level 2:
  Backtracking: {[2,7], [3,2], [1,5], [6,3], [0,8], [9,6], [4,4], [5,0], [7,9], [8,1]}, 1ms, valid
  PSO: {[3,7], [5,2], [1,6], [6,5], [0,8], [9,7], [2,4], [7,3], [4,9], [8,1]}, 42053ms, not valid, fitness = 1.0 (adj = 0, att = 1)

Level 3:
  Backtracking: {[3,2], [5,1], [6,5], [0,7], [9,6], [8,4], [2,0], [7,8], [4,9], [1,3]}, 3ms, valid
  PSO: {[2,3], [5,0], [4,2], [0,8], [8,6], [7,4], [1,1], [6,7], [3,9], [0,5]}, 41178ms, not valid, fitness = 1.0 (adj = 0, att = 1)

Level 4:
  Backtracking: {[1,9], [8,0], [0,6], [6,5], [4,8], [9,4], [3,3], [5,2], [7,7], [2,1]}, 0ms, valid
  PSO: {[1,9], [8,0], [0,6], [6,5], [4,8], [9,4], [3,3], [5,2], [7,7], [2,1]}, 397ms, valid

Level 5:
  Backtracking: {[5,6], [9,1], [8,4], [3,5], [6,9], [0,2], [4,8], [2,3], [7,7], [1,0]}, 0ms, valid
  PSO: {[5,6], [9,1], [8,4], [3,5], [6,9], [0,2], [4,8], [2,3], [7,7], [1,0]}, 177ms, valid

Level 6:
  Backtracking: {[5,1], [4,3], [3,7], [0,9], [2,2], [8,5], [9,0], [6,6], [1,4], [7,8]}, 1ms, valid
  PSO: {[5,1], [4,3], [3,7], [0,9], [2,2], [8,5], [9,0], [6,6], [1,4], [7,8]}, 269ms, valid

Level 7:
  Backtracking: {[5,5], [8,6], [1,1], [3,2], [9,3], [2,8], [0,4], [7,9], [6,7], [4,0]}, 1ms, valid
  PSO: {[5,5], [9,6], [1,0], [2,3], [7,1], [3,9], [0,4], [8,8], [6,7], [4,0]}, 41435ms, not valid, fitness = 1.0 (adj = 0, att = 1)

Level 8:
  Backtracking: {[1,1], [4,3], [8,8], [0,9], [6,2], [3,7], [2,4], [9,0], [7,6], [5,5]}, 1ms, valid
  PSO: {[3,1], [4,3], [1,8], [0,0], [6,2], [8,7], [2,3], [9,9], [7,4], [5,5]}, 41509ms, not valid, fitness = 1.0 (adj = 0, att = 1)

Level 9:
  Backtracking: {[4,9], [7,5], [6,3], [0,2], [5,6], [9,1], [3,4], [2,0], [8,7], [1,8]}, 1ms, valid
  PSO: {[3,7], [7,6], [6,4], [4,3], [5,6], [9,1], [0,5], [2,0], [8,9], [1,8]}, 42880ms, not valid, fitness = 1.0 (adj = 0, att = 1)

Level 10:
  Backtracking: {[6,6], [2,3], [3,0], [7,9], [0,8], [5,1], [1,5], [8,7], [9,2], [4,4]}, 0ms, valid
  PSO: {[6,6], [2,4], [1,2], [8,0], [0,9], [5,1], [3,7], [7,8], [9,2], [4,3]}, 40983ms, not valid, fitness = 1.0 (adj = 0, att = 1)

Level 11:
  Backtracking: {[3,1], [6,2], [1,9], [9,5], [5,8], [2,7], [8,0], [7,6], [0,4], [4,3]}, 1ms, valid
  PSO: {[3,1], [6,2], [1,9], [9,5], [5,8], [2,7], [8,0], [7,6], [0,4], [4,3]}, 267ms, valid

Level 12:
  Backtracking: {[3,5], [8,4], [5,1], [9,9], [0,0], [7,2], [6,6], [2,3], [1,8], [4,7]}, 0ms, valid
  PSO: {[3,5], [8,4], [5,8], [9,9], [0,1], [6,2], [7,6], [2,3], [1,7], [4,2]}, 41640ms, not valid, fitness = 1.0 (adj = 0, att = 1)

Level 13:
  Backtracking: {[1,6], [3,5], [5,3], [6,9], [2,1], [7,4], [9,7], [0,2], [8,0], [4,8]}, 0ms, valid
  PSO: {[1,6], [3,5], [5,3], [6,9], [2,1], [7,4], [9,7], [0,2], [8,0], [4,8]}, 355ms, valid

Level 14:
  Backtracking: {[4,0], [6,3], [8,1], [1,9], [2,2], [5,7], [9,5], [0,4], [7,6], [3,8]}, 0ms, valid
  PSO: {[3,0], [7,3], [8,1], [0,9], [5,4], [6,8], [9,5], [1,2], [6,6], [4,7]}, 41738ms, not valid, fitness = 1.0 (adj = 0, att = 1)

Level 15:
  Backtracking: {[3,5], [7,4], [0,9], [1,7], [8,6], [6,2], [2,1], [9,0], [5,8], [4,3]}, 1ms, valid
  PSO: {[2,6], [7,5], [0,3], [1,8], [8,7], [6,2], [3,1], [9,0], [5,6], [4,4]}, 41775ms, not valid, fitness = 1.0 (adj = 0, att = 1)

Level 16:
  Backtracking: {[0,5], [6,4], [4,8], [2,7], [9,9], [7,2], [1,3], [8,6], [5,1], [3,0]}, 0ms, valid
  PSO: {[0,5], [6,4], [4,8], [2,7], [9,9], [7,2], [1,3], [8,6], [5,1], [3,0]}, 174ms, valid

Level 17:
  Backtracking: {[3,4], [7,5], [5,2], [0,6], [8,3], [4,8], [2,1], [9,0], [6,7], [1,9]}, 0ms, valid
  PSO: {[1,4], [6,9], [4,3], [0,0], [9,1], [5,7], [2,2], [3,5], [7,6], [2,8]}, 41451ms, not valid, fitness = 1.0 (adj = 0, att = 1)

Level 18:
  Backtracking: {[9,9], [3,6], [0,0], [1,2], [8,7], [4,3], [2,8], [5,5], [7,4], [6,1]}, 1ms, valid
  PSO: {[6,9], [2,7], [9,0], [1,1], [4,8], [3,4], [1,5], [7,6], [5,2], [8,3]}, 41665ms, not valid, fitness = 1.0 (adj = 0, att = 1)

Level 19:
  Backtracking: {[2,2], [7,8], [0,0], [1,9], [6,3], [9,4], [5,1], [8,6], [4,7], [3,5]}, 0ms, valid
  PSO: {[2,2], [7,8], [0,0], [1,9], [6,3], [9,4], [5,1], [8,6], [4,7], [3,5]}, 166ms, valid

Level 20:
  Backtracking: {[5,9], [6,2], [1,3], [2,8], [8,1], [3,5], [0,0], [4,7], [7,4], [9,6]}, 0ms, valid
  PSO: {[8,9], [6,0], [3,2], [2,8], [9,3], [5,5], [1,1], [4,7], [7,4], [9,6]}, 42149ms, not valid, fitness = 1.0 (adj = 0, att = 1)

Level 21:
  Backtracking: {[2,6], [0,8], [4,3], [8,5], [6,9], [9,2], [5,1], [7,7], [1,4], [3,0]}, 2ms, valid
  PSO: {[2,5], [4,4], [0,0], [8,6], [5,8], [9,3], [6,2], [7,9], [1,3], [3,1]}, 42325ms, not valid, fitness = 1.0 (adj = 0, att = 1)

Level 22:
  Backtracking: {[0,9], [6,2], [9,8], [1,7], [8,1], [5,5], [4,3], [7,6], [2,4], [3,0]}, 0ms, valid
  PSO: {[1,9], [6,2], [9,8], [1,7], [8,1], [4,5], [3,3], [7,6], [0,4], [2,0]}, 42126ms, not valid, fitness = 1.0 (adj = 0, att = 1)

Level 23:
  Backtracking: {[3,0], [7,5], [5,6], [1,9], [0,1], [9,7], [2,2], [6,8], [8,3], [4,4]}, 0ms, valid
  PSO: {[5,0], [7,5], [6,7], [2,9], [1,1], [9,6], [3,2], [8,8], [9,3], [4,4]}, 40979ms, not valid, fitness = 1.0 (adj = 0, att = 1)

Level 24:
  Backtracking: {[4,7], [5,3], [2,9], [0,0], [7,4], [1,2], [9,8], [6,6], [8,1], [3,5]}, 1ms, valid
  PSO: {[5,7], [4,1], [2,9], [0,0], [7,4], [1,3], [9,8], [6,6], [8,2], [3,5]}, 41793ms, not valid, fitness = 1.0 (adj = 1, att = 0)

Level 25:
  Backtracking: {[3,9], [7,6], [5,5], [6,1], [1,8], [9,7], [8,4], [2,0], [4,2], [0,3]}, 2ms, valid
  PSO: {[3,9], [7,6], [5,5], [6,1], [1,8], [9,7], [8,4], [2,0], [4,2], [0,3]}, 365ms, valid

Level 26:
  Backtracking: {[2,1], [5,3], [4,6], [8,0], [6,5], [1,9], [9,8], [0,2], [7,7], [3,4]}, 0ms, valid
  PSO: {[2,1], [6,3], [4,6], [9,0], [6,5], [5,8], [7,9], [0,2], [8,7], [3,4]}, 41213ms, not valid, fitness = 1.0 (adj = 0, att = 1)

Level 27:
  Backtracking: {[8,5], [6,7], [5,3], [2,8], [1,4], [3,2], [4,9], [0,6], [7,1], [9,0]}, 0ms, valid
  PSO: {[8,5], [6,7], [5,3], [2,8], [1,4], [3,2], [4,9], [0,6], [7,1], [9,0]}, 278ms, valid

Level 28:
  Backtracking: {[6,0], [9,3], [7,9], [3,6], [4,8], [5,4], [0,7], [8,1], [2,2], [1,5]}, 0ms, valid
  PSO: {[6,1], [8,4], [9,8], [3,0], [4,7], [7,6], [0,9], [8,2], [2,3], [1,5]}, 40998ms, not valid, fitness = 1.0 (adj = 0, att = 1)

Level 29:
  Backtracking: {[2,8], [9,5], [0,6], [5,7], [8,9], [1,2], [6,4], [7,1], [4,0], [3,3]}, 0ms, valid
  PSO: {[2,8], [9,5], [0,6], [5,7], [8,9], [1,2], [6,4], [7,1], [4,0], [3,3]}, 259ms, valid

Level 30:
  Backtracking: {[9,5], [4,6], [6,3], [0,4], [7,7], [3,8], [1,9], [2,2], [5,0], [8,1]}, 0ms, valid
  PSO: {[9,5], [4,6], [6,3], [0,4], [7,7], [3,8], [1,9], [2,2], [5,0], [8,1]}, 267ms, valid

Level 31:
  Backtracking: {[6,3], [0,6], [2,1], [5,5], [7,9], [8,4], [3,7], [9,2], [1,8], [4,0]}, 1ms, valid
  PSO: {[5,7], [0,6], [0,2], [3,3], [7,9], [9,5], [1,4], [8,1], [2,8], [4,0]}, 41420ms, not valid, fitness = 1.0 (adj = 0, att = 1)

Level 32:
  Backtracking: {[6,6], [4,7], [2,5], [5,2], [7,0], [9,3], [0,4], [3,1], [8,9], [1,8]}, 0ms, valid
  PSO: {[6,6], [0,8], [4,5], [5,1], [7,0], [8,2], [1,4], [3,0], [9,7], [2,9]}, 41499ms, not valid, fitness = 1.0 (adj = 0, att = 1)

Level 33:
  Backtracking: {[6,7], [3,6], [4,4], [8,5], [7,1], [2,3], [5,2], [1,8], [0,0], [9,9]}, 1ms, valid
  PSO: {[6,7], [3,6], [4,4], [8,5], [7,1], [2,3], [5,2], [1,8], [0,0], [9,9]}, 269ms, valid

Level 34:
  Backtracking: {[9,5], [7,3], [3,2], [6,6], [4,4], [0,1], [8,0], [2,7], [1,9], [5,8]}, 2ms, valid
  PSO: {[9,9], [5,3], [0,0], [4,6], [3,4], [8,5], [6,1], [2,6], [1,8], [7,7]}, 41621ms, not valid, fitness = 1.0 (adj = 0, att = 1)

Level 35:
  Backtracking: {[6,9], [7,6], [5,4], [8,1], [0,0], [3,8], [9,3], [2,5], [1,7], [4,2]}, 1ms, valid
  PSO: {[6,6], [8,8], [7,3], [9,0], [1,1], [3,9], [8,5], [4,4], [2,7], [5,2]}, 41772ms, not valid, fitness = 1.0 (adj = 0, att = 1)

Level 36:
  Backtracking: {[6,0], [0,9], [4,8], [1,7], [8,6], [2,4], [5,5], [3,1], [9,2], [7,3]}, 0ms, valid
  PSO: {[6,0], [0,0], [5,7], [1,8], [8,6], [2,4], [4,5], [3,1], [9,2], [7,3]}, 41427ms, not valid, fitness = 1.0 (adj = 0, att = 1)

Level 37:
  Backtracking: {[1,9], [9,0], [4,7], [2,4], [5,3], [8,8], [0,5], [6,1], [7,6], [3,2]}, 0ms, valid
  PSO: {[1,9], [9,0], [4,7], [2,4], [5,3], [8,8], [0,5], [6,1], [7,6], [3,2]}, 204ms, valid

Level 38:
  Backtracking: {[5,3], [1,7], [4,5], [0,1], [6,6], [8,4], [7,9], [2,0], [9,8], [3,2]}, 0ms, valid
  PSO: {[5,3], [1,7], [4,5], [0,1], [6,6], [8,4], [7,9], [2,0], [9,8], [3,2]}, 292ms, valid

Level 39:
  Backtracking: {[2,8], [5,9], [1,2], [7,7], [9,5], [4,4], [0,0], [8,3], [6,1], [3,6]}, 0ms, valid
  PSO: {[2,8], [5,9], [1,2], [7,7], [9,5], [4,4], [0,0], [8,3], [6,1], [3,6]}, 342ms, valid

Level 40:
  Backtracking: {[1,8], [2,5], [9,9], [8,1], [6,3], [0,0], [7,6], [4,4], [3,2], [5,7]}, 0ms, valid
  PSO: {[1,8], [2,5], [9,9], [8,1], [6,3], [0,0], [7,6], [4,4], [3,2], [5,7]}, 375ms, valid

Level 41:
  Backtracking: {[6,3], [8,2], [1,4], [0,6], [9,5], [2,7], [3,1], [7,8], [5,0], [4,9]}, 3ms, valid
  PSO: {[6,7], [7,1], [1,4], [0,6], [9,3], [3,8], [2,0], [8,5], [4,1], [5,9]}, 41663ms, not valid, fitness = 1.0 (adj = 0, att = 1)

Level 42:
  Backtracking: {[2,1], [0,6], [1,4], [9,5], [5,8], [7,7], [4,0], [8,9], [3,3], [6,2]}, 0ms, valid
  PSO: {[2,1], [0,9], [1,5], [9,6], [5,8], [7,7], [4,0], [8,9], [3,3], [6,4]}, 41947ms, not valid, fitness = 1.0 (adj = 0, att = 1)

Level 43:
  Backtracking: {[7,5], [9,1], [6,2], [0,4], [3,3], [4,9], [2,7], [1,0], [8,8], [5,6]}, 0ms, valid
  PSO: {[7,5], [4,0], [6,2], [0,4], [3,3], [1,9], [2,7], [0,1], [8,8], [5,6]}, 41814ms, not valid, fitness = 1.0 (adj = 0, att = 1)

Level 44:
  Backtracking: {[2,2], [6,6], [1,0], [8,3], [4,7], [5,4], [0,5], [9,1], [3,9], [7,8]}, 1ms, valid
  PSO: {[3,0], [7,6], [1,0], [6,2], [4,9], [5,4], [2,3], [9,1], [0,7], [8,8]}, 42167ms, not valid, fitness = 1.0 (adj = 0, att = 1)

Level 45:
  Backtracking: {[2,7], [4,6], [0,2], [6,1], [9,9], [3,4], [1,0], [8,5], [5,3], [7,8]}, 0ms, valid
  PSO: {[2,6], [5,4], [0,3], [7,2], [9,8], [3,4], [1,0], [8,5], [4,1], [6,7]}, 41822ms, not valid, fitness = 1.0 (adj = 0, att = 1)

Level 46:
  Backtracking: {[6,9], [7,6], [4,1], [9,7], [0,4], [8,0], [1,2], [5,3], [2,5], [3,8]}, 10ms, valid
  PSO: {[5,5], [6,7], [3,0], [8,8], [0,4], [9,2], [1,1], [4,3], [0,6], [2,9]}, 41419ms, not valid, fitness = 1.0 (adj = 0, att = 1)

Level 47:
  Backtracking: {[9,4], [4,5], [0,3], [8,1], [2,9], [6,0], [7,8], [5,7], [1,6], [3,2]}, 0ms, valid
  PSO: {[9,4], [4,5], [0,3], [8,1], [2,9], [6,0], [7,8], [5,7], [1,6], [3,2]}, 361ms, valid

Level 48:
  Backtracking: {[4,8], [7,4], [6,6], [9,0], [3,3], [5,2], [2,9], [8,7], [0,5], [1,1]}, 1ms, valid
  PSO: {[4,8], [7,4], [6,6], [9,0], [3,3], [5,2], [2,9], [8,7], [0,5], [1,1]}, 258ms, valid

Level 49:
  Backtracking: {[8,6], [4,1], [3,3], [1,2], [9,4], [5,5], [0,0], [7,9], [2,8], [6,7]}, 0ms, valid
  PSO: {[9,8], [4,1], [3,3], [1,2], [5,4], [8,5], [0,0], [7,9], [1,6], [6,7]}, 41566ms, not valid, fitness = 1.0 (adj = 0, att = 1)

Level 50:
  Backtracking: {[1,6], [5,9], [0,3], [6,2], [2,4], [7,0], [4,1], [9,7], [8,5], [3,8]}, 0ms, valid
  PSO: {[0,6], [7,9], [1,3], [6,2], [4,4], [8,1], [3,0], [9,8], [9,5], [5,7]}, 41457ms, not valid, fitness = 1.0 (adj = 0, att = 1)

