======= 9x9 BOARDS =======
PSO Parameters: iterations=100000, particles=50000, neighborhoods=200, c1=1.0, c2=1.0, inertia=0.7, w1=1.0, w2=1.0, maxStagnation=500

Level 1:
  Backtracking: {[0,0], [4,6], [3,3], [6,7], [1,4], [7,5], [8,8], [5,2], [2,1]}, 0ms, valid
  PSO: {[0,0], [4,6], [3,3], [6,7], [1,4], [7,5], [8,8], [5,2], [2,1]}, 213ms, valid

Level 2:
  Backtracking: {[5,1], [4,4], [0,8], [7,6], [1,2], [6,3], [8,0], [2,5], [3,7]}, 0ms, valid
  PSO: {[5,1], [4,4], [0,8], [7,6], [1,2], [6,3], [8,0], [2,5], [3,7]}, 223ms, valid

Level 3:
  Backtracking: {[5,1], [2,5], [1,2], [7,6], [3,3], [4,7], [8,8], [6,4], [0,0]}, 0ms, valid
  PSO: {[5,1], [2,5], [1,2], [7,6], [3,3], [4,7], [8,8], [6,4], [0,0]}, 137ms, valid

Level 4:
  Backtracking: {[6,3], [8,4], [4,2], [7,6], [0,0], [2,1], [5,7], [1,5], [3,8]}, 1ms, valid
  PSO: {[7,1], [8,4], [5,2], [6,5], [2,0], [0,7], [8,6], [1,3], [3,8]}, 31057ms, not valid, fitness = 1.0 (adj = 0, att = 1)

Level 5:
  Backtracking: {[2,7], [0,4], [1,1], [4,3], [5,0], [8,2], [7,8], [3,5], [6,6]}, 0ms, valid
  PSO: {[1,7], [2,1], [0,2], [8,3], [5,0], [7,0], [4,8], [3,4], [6,5]}, 31092ms, not valid, fitness = 1.0 (adj = 0, att = 1)

Level 6:
  Backtracking: {[5,7], [4,4], [3,1], [7,5], [1,0], [6,2], [8,8], [0,6], [2,3]}, 0ms, valid
  PSO: {[5,7], [4,4], [3,1], [7,5], [1,0], [6,2], [8,8], [0,6], [2,3]}, 247ms, valid

Level 7:
  Backtracking: {[7,4], [2,3], [0,8], [3,5], [1,6], [4,2], [6,1], [5,7], [8,0]}, 2ms, valid
  PSO: {[7,4], [2,3], [0,8], [3,5], [1,6], [4,2], [6,1], [5,7], [8,0]}, 145ms, valid

Level 8:
  Backtracking: {[5,4], [8,8], [4,7], [0,0], [3,3], [2,1], [6,6], [7,2], [1,5]}, 1ms, valid
  PSO: {[5,4], [8,8], [4,7], [0,0], [3,3], [2,1], [6,6], [7,2], [1,5]}, 220ms, valid

Level 9:
  Backtracking: {[4,7], [8,1], [2,8], [1,5], [0,0], [6,6], [3,2], [7,3], [5,4]}, 0ms, valid
  PSO: {[4,7], [8,1], [2,8], [1,5], [0,0], [6,6], [3,2], [7,3], [5,4]}, 224ms, valid

Level 10:
  Backtracking: {[8,0], [3,5], [4,3], [2,8], [5,7], [0,6], [1,2], [6,1], [7,4]}, 1ms, valid
  PSO: {[4,0], [1,4], [3,3], [2,8], [5,7], [0,6], [2,1], [7,2], [6,5]}, 31026ms, not valid, fitness = 1.0 (adj = 0, att = 1)

Level 11:
  Backtracking: {[2,4], [8,8], [5,0], [7,1], [4,5], [3,2], [0,3], [6,7], [1,6]}, 0ms, valid
  PSO: {[4,2], [8,8], [8,0], [6,1], [5,4], [1,5], [0,3], [7,6], [2,7]}, 31515ms, not valid, fitness = 1.0 (adj = 0, att = 1)

Level 12:
  Backtracking: {[7,4], [8,7], [4,0], [0,6], [1,3], [6,2], [2,1], [5,8], [3,5]}, 0ms, valid
  PSO: {[7,4], [8,7], [4,0], [0,6], [1,3], [6,2], [2,1], [5,8], [3,5]}, 202ms, valid

Level 13:
  Backtracking: {[3,5], [8,3], [5,1], [1,2], [6,4], [2,8], [0,0], [7,6], [4,7]}, 0ms, valid
  PSO: {[3,5], [8,3], [5,1], [1,2], [6,4], [2,8], [0,0], [7,6], [4,7]}, 216ms, valid

Level 14:
  Backtracking: {[1,5], [7,0], [8,7], [3,3], [6,4], [2,8], [0,1], [4,6], [5,2]}, 0ms, valid
  PSO: {[1,5], [7,0], [8,7], [3,3], [6,4], [2,8], [0,1], [4,6], [5,2]}, 130ms, valid

Level 15:
  Backtracking: {[3,7], [8,8], [6,2], [4,4], [7,6], [0,3], [5,0], [2,5], [1,1]}, 1ms, valid
  PSO: {[6,3], [8,8], [3,2], [4,4], [7,6], [0,3], [5,0], [2,5], [1,1]}, 31240ms, not valid, fitness = 1.0 (adj = 0, att = 1)

Level 16:
  Backtracking: {[2,4], [8,8], [5,0], [1,6], [6,7], [3,2], [0,3], [4,5], [7,1]}, 0ms, valid
  PSO: {[2,4], [8,8], [5,0], [1,6], [6,7], [3,2], [0,3], [4,5], [7,1]}, 138ms, valid

Level 17:
  Backtracking: {[0,8], [6,1], [3,5], [1,6], [5,4], [2,2], [8,0], [7,3], [4,7]}, 0ms, valid
  PSO: {[0,8], [6,1], [3,5], [1,6], [5,4], [2,2], [8,0], [7,3], [4,7]}, 209ms, valid

Level 18:
  Backtracking: {[8,1], [7,5], [6,3], [4,7], [3,2], [1,8], [5,0], [2,6], [0,4]}, 2ms, valid
  PSO: {[8,1], [7,5], [6,3], [4,7], [3,2], [1,8], [5,0], [2,6], [0,4]}, 286ms, valid

Level 19:
  Backtracking: {[7,5], [5,4], [0,8], [2,3], [3,0], [6,7], [1,1], [8,2], [4,6]}, 0ms, valid
  PSO: {[7,5], [5,4], [0,8], [2,3], [3,0], [6,7], [1,1], [8,2], [4,6]}, 208ms, valid

Level 20:
  Backtracking: {[1,7], [6,6], [5,3], [0,1], [2,4], [8,8], [7,0], [4,5], [3,2]}, 0ms, valid
  PSO: {[1,7], [5,6], [6,3], [0,1], [4,4], [8,8], [7,0], [3,5], [2,2]}, 31475ms, not valid, fitness = 1.0 (adj = 1, att = 0)

Level 21:
  Backtracking: {[2,1], [7,6], [5,2], [6,0], [8,4], [3,5], [0,8], [1,3], [4,7]}, 0ms, valid
  PSO: {[2,1], [7,6], [5,2], [6,0], [8,4], [3,5], [0,8], [1,3], [4,7]}, 132ms, valid

Level 22:
  Backtracking: {[7,6], [8,4], [6,8], [0,5], [5,1], [4,7], [1,3], [2,0], [3,2]}, 1ms, valid
  PSO: {[7,6], [8,4], [6,8], [0,5], [5,1], [4,7], [1,3], [2,0], [3,2]}, 208ms, valid

Level 23:
  Backtracking: {[1,6], [6,2], [5,0], [7,5], [0,1], [3,8], [2,4], [8,7], [4,3]}, 0ms, valid
  PSO: {[1,6], [6,2], [5,0], [7,5], [0,1], [3,8], [2,4], [8,7], [4,3]}, 214ms, valid

Level 24:
  Backtracking: {[3,4], [7,8], [6,5], [0,1], [4,6], [1,3], [8,0], [2,7], [5,2]}, 2ms, valid
  PSO: {[3,4], [7,8], [6,5], [0,1], [4,6], [1,3], [8,0], [2,7], [5,2]}, 275ms, valid

Level 25:
  Backtracking: {[3,6], [6,7], [8,8], [1,0], [4,3], [7,2], [5,1], [2,4], [0,5]}, 0ms, valid
  PSO: {[2,6], [4,7], [7,8], [1,0], [6,4], [8,1], [5,2], [3,4], [0,3]}, 31334ms, not valid, fitness = 1.0 (adj = 0, att = 1)

Level 26:
  Backtracking: {[4,6], [3,1], [2,7], [5,3], [0,8], [8,2], [7,5], [6,0], [1,4]}, 0ms, valid
  PSO: {[4,6], [3,1], [2,7], [5,3], [0,8], [8,2], [7,5], [6,0], [1,4]}, 278ms, valid

Level 27:
  Backtracking: {[3,4], [1,3], [4,8], [2,1], [8,6], [0,0], [7,2], [6,7], [5,5]}, 0ms, valid
  PSO: {[3,4], [1,3], [4,8], [2,1], [8,6], [0,0], [7,2], [6,7], [5,5]}, 217ms, valid

Level 28:
  Backtracking: {[0,0], [8,5], [7,1], [1,7], [5,2], [2,3], [3,6], [6,8], [4,4]}, 1ms, valid
  PSO: {[0,0], [8,5], [7,1], [1,7], [5,2], [2,3], [3,6], [6,8], [4,4]}, 215ms, valid

Level 29:
  Backtracking: {[3,6], [5,4], [0,7], [8,8], [7,3], [1,5], [2,0], [6,1], [4,2]}, 0ms, valid
  PSO: {[3,6], [5,4], [0,7], [8,8], [7,3], [1,5], [3,0], [6,1], [2,2]}, 31464ms, not valid, fitness = 1.0 (adj = 0, att = 1)

Level 30:
  Backtracking: {[2,0], [4,5], [0,1], [3,3], [6,6], [8,7], [5,2], [1,8], [7,4]}, 1ms, valid
  PSO: {[2,0], [3,5], [4,1], [1,4], [5,6], [8,8], [6,0], [0,7], [7,3]}, 31127ms, not valid, fitness = 1.0 (adj = 0, att = 1)

