======= 10x10 BOARDS =======
PSO Parameters: iterations=100000, particles=50000, neighborhoods=200, c1=1.0, c2=1.0, inertia=0.7, w1=1.0, w2=1.0, maxStagnation=500

Level 1:
  Backtracking: {[4,4], [3,7], [2,1], [7,8], [0,3], [8,0], [9,9], [5,2], [1,6], [6,5]}, 1ms, valid
  PSO: {[4,4], [3,7], [2,1], [7,8], [0,3], [9,0], [8,5], [6,2], [1,6], [5,0]}, 34887ms, not valid, fitness = 1.0 (adj = 0, att = 1)

Level 2:
  Backtracking: {[2,7], [3,2], [1,5], [6,3], [0,8], [9,6], [4,4], [5,0], [7,9], [8,1]}, 0ms, valid
  PSO: {[3,7], [5,1], [1,6], [6,5], [0,9], [9,8], [2,4], [7,0], [4,9], [8,3]}, 33998ms, not valid, fitness = 1.0 (adj = 0, att = 1)

Level 3:
  Backtracking: {[3,2], [5,1], [6,5], [0,7], [9,6], [8,4], [2,0], [7,8], [4,9], [1,3]}, 3ms, valid
  PSO: {[2,3], [4,0], [7,6], [1,8], [9,5], [6,2], [0,1], [8,9], [3,7], [0,4]}, 34402ms, not valid, fitness = 1.0 (adj = 0, att = 1)

Level 4:
  Backtracking: {[1,9], [8,0], [0,6], [6,5], [4,8], [9,4], [3,3], [5,2], [7,7], [2,1]}, 1ms, valid
  PSO: {[1,9], [8,0], [0,6], [6,5], [4,8], [9,4], [3,3], [5,2], [7,7], [2,1]}, 298ms, valid

Level 5:
  Backtracking: {[5,6], [9,1], [8,4], [3,5], [6,9], [0,2], [4,8], [2,3], [7,7], [1,0]}, 0ms, valid
  PSO: {[5,6], [9,1], [8,4], [3,5], [6,9], [0,2], [4,8], [2,3], [7,7], [1,0]}, 142ms, valid

Level 6:
  Backtracking: {[5,1], [4,3], [3,7], [0,9], [2,2], [8,5], [9,0], [6,6], [1,4], [7,8]}, 0ms, valid
  PSO: {[5,1], [4,3], [3,7], [0,9], [2,2], [8,5], [9,0], [6,6], [1,4], [7,8]}, 218ms, valid

Level 7:
  Backtracking: {[5,5], [8,6], [1,1], [3,2], [9,3], [2,8], [0,4], [7,9], [6,7], [4,0]}, 1ms, valid
  PSO: {[5,3], [9,6], [1,2], [3,2], [8,1], [2,8], [0,4], [7,9], [6,7], [4,0]}, 34728ms, not valid, fitness = 1.0 (adj = 0, att = 1)

Level 8:
  Backtracking: {[1,1], [4,3], [2,4], [0,9], [6,2], [3,7], [8,8], [9,0], [7,6], [5,5]}, 1ms, valid
  PSO: {[6,1], [4,3], [2,2], [8,0], [6,4], [5,7], [1,8], [9,9], [7,6], [3,5]}, 34487ms, not valid, fitness = 1.0 (adj = 0, att = 1)

Level 9:
  Backtracking: {[4,9], [7,5], [6,3], [0,2], [5,6], [9,1], [3,4], [2,0], [8,7], [1,8]}, 1ms, valid
  PSO: {[4,7], [9,6], [5,4], [0,3], [6,6], [7,2], [2,5], [3,1], [8,9], [1,8]}, 34931ms, not valid, fitness = 1.0 (adj = 0, att = 1)

Level 10:
  Backtracking: {[6,6], [8,7], [3,0], [7,9], [0,8], [5,1], [1,5], [2,3], [9,2], [4,4]}, 0ms, valid
  PSO: {[6,6], [8,7], [3,1], [7,9], [0,8], [5,1], [1,5], [2,3], [9,2], [4,4]}, 34637ms, not valid, fitness = 1.0 (adj = 0, att = 1)

Level 11:
  Backtracking: {[3,1], [6,2], [1,9], [9,5], [5,8], [8,0], [2,7], [7,6], [0,4], [4,3]}, 1ms, valid
  PSO: {[2,1], [6,2], [1,7], [9,4], [5,9], [8,1], [3,5], [7,6], [0,0], [4,3]}, 34704ms, not valid, fitness = 1.0 (adj = 0, att = 1)

Level 12:
  Backtracking: {[3,5], [8,4], [5,1], [9,9], [2,3], [7,2], [6,6], [0,0], [1,8], [4,7]}, 0ms, valid
  PSO: {[3,5], [8,7], [5,4], [9,9], [2,3], [7,3], [6,6], [0,1], [1,8], [4,2]}, 34421ms, not valid, fitness = 1.0 (adj = 0, att = 1)

Level 13:
  Backtracking: {[1,6], [3,5], [5,3], [6,9], [2,1], [7,4], [9,7], [4,8], [8,0], [0,2]}, 0ms, valid
  PSO: {[1,6], [3,4], [7,3], [6,9], [2,1], [6,5], [9,7], [4,8], [8,0], [5,2]}, 34783ms, not valid, fitness = 1.0 (adj = 0, att = 1)

Level 14:
  Backtracking: {[4,0], [6,3], [8,1], [1,9], [9,5], [5,7], [2,2], [0,4], [7,6], [3,8]}, 0ms, valid
  PSO: {[4,0], [6,3], [8,1], [2,4], [9,9], [5,7], [5,5], [0,2], [7,6], [3,8]}, 34690ms, not valid, fitness = 1.0 (adj = 0, att = 1)

Level 15:
  Backtracking: {[3,5], [9,0], [7,4], [1,7], [8,6], [6,2], [2,1], [0,9], [5,8], [4,3]}, 0ms, valid
  PSO: {[3,5], [9,0], [7,4], [1,7], [8,6], [6,2], [2,1], [0,9], [5,8], [4,3]}, 235ms, valid

Level 16:
  Backtracking: {[0,5], [8,6], [6,4], [2,7], [9,9], [7,2], [1,3], [4,8], [5,1], [3,0]}, 0ms, valid
  PSO: {[0,5], [8,6], [6,4], [2,7], [9,9], [7,2], [1,3], [4,8], [5,1], [3,0]}, 330ms, valid

Level 17:
  Backtracking: {[3,4], [7,5], [5,2], [9,0], [8,3], [4,8], [2,1], [0,6], [6,7], [1,9]}, 1ms, valid
  PSO: {[1,5], [7,4], [5,2], [3,6], [9,1], [6,8], [2,3], [4,0], [8,7], [1,9]}, 34838ms, not valid, fitness = 1.0 (adj = 0, att = 1)

Level 18:
  Backtracking: {[9,9], [5,5], [3,6], [1,2], [8,7], [4,3], [2,8], [0,0], [7,4], [6,1]}, 1ms, valid
  PSO: {[9,9], [5,5], [3,6], [1,2], [8,7], [4,3], [2,8], [0,0], [7,4], [6,1]}, 318ms, valid

Level 19:
  Backtracking: {[2,2], [7,8], [0,0], [1,9], [6,3], [9,4], [5,1], [8,6], [4,7], [3,5]}, 1ms, valid
  PSO: {[2,2], [7,8], [0,0], [1,9], [6,3], [9,4], [5,1], [8,6], [4,7], [3,5]}, 151ms, valid

Level 20:
  Backtracking: {[5,9], [6,2], [1,3], [4,7], [8,1], [3,5], [0,0], [2,8], [7,4], [9,6]}, 0ms, valid
  PSO: {[5,9], [6,2], [1,3], [8,8], [9,1], [3,5], [0,0], [2,7], [7,4], [9,6]}, 34650ms, not valid, fitness = 1.0 (adj = 0, att = 1)

Level 21:
  Backtracking: {[2,6], [5,1], [4,3], [8,5], [6,9], [9,2], [0,8], [7,7], [1,4], [3,0]}, 1ms, valid
  PSO: {[2,6], [4,2], [0,1], [8,5], [5,9], [9,3], [7,2], [6,7], [1,4], [3,0]}, 34661ms, not valid, fitness = 1.0 (adj = 0, att = 1)

Level 22:
  Backtracking: {[0,9], [6,2], [9,8], [1,7], [8,1], [5,5], [4,3], [7,6], [2,4], [3,0]}, 1ms, valid
  PSO: {[0,9], [7,2], [9,4], [1,7], [6,0], [4,6], [2,3], [5,8], [2,5], [3,1]}, 34665ms, not valid, fitness = 1.0 (adj = 0, att = 1)

Level 23:
  Backtracking: {[3,0], [7,5], [5,6], [1,9], [0,1], [9,7], [2,2], [6,8], [8,3], [4,4]}, 0ms, valid
  PSO: {[3,0], [7,5], [5,6], [1,9], [0,1], [9,7], [2,2], [6,8], [8,3], [4,4]}, 305ms, valid

Level 24:
  Backtracking: {[4,7], [5,3], [2,9], [0,0], [7,4], [1,2], [9,8], [6,6], [8,1], [3,5]}, 1ms, valid
  PSO: {[5,8], [4,2], [2,9], [9,0], [6,3], [1,5], [8,7], [4,6], [7,1], [3,4]}, 35661ms, not valid, fitness = 1.0 (adj = 0, att = 1)

Level 25:
  Backtracking: {[3,9], [7,6], [5,5], [6,1], [1,8], [9,7], [8,4], [2,0], [4,2], [0,3]}, 2ms, valid
  PSO: {[3,9], [7,6], [5,4], [2,5], [1,8], [9,7], [8,3], [0,0], [4,2], [2,1]}, 35480ms, not valid, fitness = 1.0 (adj = 0, att = 1)

Level 26:
  Backtracking: {[2,1], [5,3], [4,6], [8,0], [6,5], [1,9], [9,8], [0,2], [7,7], [3,4]}, 2ms, valid
  PSO: {[2,1], [5,3], [4,6], [8,0], [6,5], [1,9], [9,8], [0,2], [7,7], [3,4]}, 307ms, valid

Level 27:
  Backtracking: {[8,5], [6,7], [5,3], [2,8], [1,4], [3,2], [4,9], [0,6], [7,1], [9,0]}, 0ms, valid
  PSO: {[8,5], [6,7], [5,3], [2,8], [1,4], [3,2], [4,9], [0,6], [7,1], [9,0]}, 324ms, valid

Level 28:
  Backtracking: {[6,0], [9,3], [7,9], [3,6], [4,8], [5,4], [0,7], [8,1], [2,2], [1,5]}, 0ms, valid
  PSO: {[9,1], [8,5], [6,8], [1,0], [4,7], [5,4], [0,6], [7,3], [2,2], [3,5]}, 34479ms, not valid, fitness = 1.0 (adj = 0, att = 1)

Level 29:
  Backtracking: {[2,8], [9,5], [0,6], [5,7], [8,9], [1,2], [6,4], [7,1], [4,0], [3,3]}, 0ms, valid
  PSO: {[2,8], [9,6], [1,5], [0,7], [8,9], [1,2], [6,4], [7,1], [4,0], [3,3]}, 35109ms, not valid, fitness = 1.0 (adj = 0, att = 1)

Level 30:
  Backtracking: {[9,5], [4,6], [1,9], [0,4], [7,7], [3,8], [6,3], [2,2], [5,0], [8,1]}, 0ms, valid
  PSO: {[9,5], [4,6], [1,9], [0,4], [7,7], [3,8], [6,3], [2,2], [5,0], [8,1]}, 226ms, valid

