======= 8x8 BOARDS =======
PSO Parameters: iterations=100000, particles=50000, neighborhoods=200, c1=1.0, c2=1.0, inertia=0.7, w1=1.0, w2=1.0, maxStagnation=500

Level 1:
  Backtracking: {[2,2], [5,5], [6,1], [1,0], [7,6], [3,4], [0,3], [4,7]}, 0ms, valid
  PSO: {[2,2], [5,5], [6,1], [1,0], [7,6], [3,4], [0,3], [4,7]}, 111ms, valid

Level 2:
  Backtracking: {[7,2], [4,3], [1,4], [0,7], [5,0], [2,6], [6,5], [3,1]}, 0ms, valid
  PSO: {[7,2], [4,3], [1,4], [0,7], [5,0], [2,6], [6,5], [3,1]}, 118ms, valid

Level 3:
  Backtracking: {[4,7], [2,5], [1,1], [6,2], [0,4], [5,0], [7,6], [3,3]}, 0ms, valid
  PSO: {[4,7], [2,5], [1,1], [6,2], [0,4], [5,0], [7,6], [3,3]}, 124ms, valid

Level 4:
  Backtracking: {[6,5], [2,3], [3,6], [7,0], [1,1], [4,4], [0,7], [5,2]}, 0ms, valid
  PSO: {[6,5], [2,3], [3,6], [7,0], [1,1], [4,4], [0,7], [5,2]}, 116ms, valid

Level 5:
  Backtracking: {[5,2], [1,4], [2,0], [6,7], [0,6], [4,5], [7,1], [3,3]}, 0ms, valid
  PSO: {[5,2], [1,4], [2,0], [6,7], [0,6], [4,5], [7,1], [3,3]}, 128ms, valid

Level 6:
  Backtracking: {[4,5], [2,7], [0,3], [5,2], [1,1], [6,6], [7,4], [3,0]}, 2ms, valid
  PSO: {[4,5], [2,7], [0,3], [5,2], [1,1], [6,6], [7,4], [3,0]}, 113ms, valid

Level 7:
  Backtracking: {[5,5], [1,4], [2,2], [0,6], [3,0], [7,1], [6,7], [4,3]}, 0ms, valid
  PSO: {[5,5], [1,4], [2,2], [0,6], [3,0], [7,1], [6,7], [4,3]}, 256ms, valid

Level 8:
  Backtracking: {[1,1], [7,2], [2,7], [5,3], [3,4], [4,0], [6,5], [0,6]}, 0ms, valid
  PSO: {[1,1], [7,2], [2,7], [5,3], [3,4], [4,0], [6,5], [0,6]}, 114ms, valid

Level 9:
  Backtracking: {[4,5], [7,0], [2,4], [6,6], [0,3], [1,7], [3,2], [5,1]}, 0ms, valid
  PSO: {[4,5], [7,0], [2,4], [6,6], [0,3], [1,7], [3,2], [5,1]}, 177ms, valid

Level 10:
  Backtracking: {[1,7], [5,4], [0,0], [2,1], [7,3], [6,6], [3,5], [4,2]}, 0ms, valid
  PSO: {[1,7], [5,4], [0,0], [2,1], [7,3], [6,6], [3,5], [4,2]}, 184ms, valid

Level 11:
  Backtracking: {[5,4], [2,7], [0,3], [7,6], [1,5], [3,0], [6,1], [4,2]}, 0ms, valid
  PSO: {[5,4], [2,7], [0,3], [7,6], [1,5], [3,0], [6,1], [4,2]}, 112ms, valid

Level 12:
  Backtracking: {[4,4], [2,6], [0,3], [7,1], [3,2], [6,5], [5,7], [1,0]}, 0ms, valid
  PSO: {[4,4], [2,6], [0,3], [7,1], [3,2], [6,5], [5,7], [1,0]}, 179ms, valid

Level 13:
  Backtracking: {[5,2], [6,6], [2,5], [1,1], [0,4], [7,0], [4,7], [3,3]}, 1ms, valid
  PSO: {[5,2], [6,6], [2,5], [1,1], [0,4], [7,0], [4,7], [3,3]}, 111ms, valid

Level 14:
  Backtracking: {[0,4], [3,2], [2,0], [5,3], [1,7], [6,1], [7,6], [4,5]}, 0ms, valid
  PSO: {[0,4], [3,2], [2,0], [5,3], [1,7], [6,1], [7,6], [4,5]}, 106ms, valid

Level 15:
  Backtracking: {[5,5], [3,4], [2,6], [7,1], [0,0], [1,2], [6,3], [4,7]}, 0ms, valid
  PSO: {[5,5], [3,4], [2,6], [7,1], [0,0], [1,2], [6,3], [4,7]}, 111ms, valid

Level 16:
  Backtracking: {[6,1], [7,6], [4,5], [3,7], [0,0], [1,2], [5,3], [2,4]}, 1ms, valid
  PSO: {[6,1], [7,6], [4,5], [3,7], [0,0], [1,2], [5,3], [2,4]}, 116ms, valid

Level 17:
  Backtracking: {[4,6], [6,5], [0,2], [2,4], [7,7], [3,1], [1,0], [5,3]}, 0ms, valid
  PSO: {[4,6], [6,5], [0,2], [2,4], [7,7], [3,1], [1,0], [5,3]}, 119ms, valid

Level 18:
  Backtracking: {[0,0], [6,1], [7,7], [1,3], [3,2], [2,5], [5,6], [4,4]}, 0ms, valid
  PSO: {[0,0], [6,1], [7,7], [1,3], [3,2], [2,5], [5,6], [4,4]}, 241ms, valid

Level 19:
  Backtracking: {[4,1], [7,2], [3,4], [2,6], [5,5], [6,0], [0,7], [1,3]}, 0ms, valid
  PSO: {[4,1], [7,2], [3,4], [2,6], [5,5], [6,0], [0,7], [1,3]}, 239ms, valid

Level 20:
  Backtracking: {[0,0], [6,4], [2,1], [4,6], [5,2], [1,5], [7,7], [3,3]}, 1ms, valid
  PSO: {[0,0], [6,4], [2,1], [4,6], [5,2], [1,5], [7,7], [3,3]}, 194ms, valid

Level 21:
  Backtracking: {[3,5], [6,3], [7,0], [1,4], [4,7], [0,6], [2,2], [5,1]}, 0ms, valid
  PSO: {[3,5], [6,3], [7,0], [1,4], [4,7], [0,6], [2,2], [5,1]}, 127ms, valid

Level 22:
  Backtracking: {[5,7], [7,3], [3,5], [6,1], [1,6], [4,2], [2,0], [0,4]}, 0ms, valid
  PSO: {[5,7], [7,3], [3,5], [6,1], [1,6], [4,2], [2,0], [0,4]}, 120ms, valid

Level 23:
  Backtracking: {[2,4], [7,3], [6,0], [1,6], [3,7], [5,2], [0,1], [4,5]}, 0ms, valid
  PSO: {[2,4], [7,3], [6,0], [1,6], [3,7], [5,2], [0,1], [4,5]}, 119ms, valid

Level 24:
  Backtracking: {[2,6], [4,2], [5,0], [3,4], [7,5], [0,7], [1,1], [6,3]}, 0ms, valid
  PSO: {[2,6], [4,2], [5,0], [3,4], [7,5], [0,7], [1,1], [6,3]}, 121ms, valid

Level 25:
  Backtracking: {[4,6], [7,3], [5,1], [0,2], [3,0], [1,4], [6,5], [2,7]}, 0ms, valid
  PSO: {[4,6], [7,3], [5,1], [0,2], [3,0], [1,4], [6,5], [2,7]}, 119ms, valid

Level 26:
  Backtracking: {[4,7], [6,6], [7,0], [1,1], [5,2], [3,3], [0,4], [2,5]}, 0ms, valid
  PSO: {[4,7], [6,6], [7,0], [1,1], [5,2], [3,3], [0,4], [2,5]}, 180ms, valid

Level 27:
  Backtracking: {[2,3], [7,1], [3,5], [0,2], [5,4], [4,7], [1,0], [6,6]}, 0ms, valid
  PSO: {[2,3], [7,1], [3,5], [0,2], [5,4], [4,7], [1,0], [6,6]}, 124ms, valid

Level 28:
  Backtracking: {[6,7], [5,2], [3,4], [1,3], [7,1], [0,5], [4,0], [2,6]}, 0ms, valid
  PSO: {[6,7], [5,2], [3,4], [1,3], [7,1], [0,5], [4,0], [2,6]}, 122ms, valid

Level 29:
  Backtracking: {[3,2], [6,1], [5,7], [4,4], [7,3], [0,6], [1,0], [2,5]}, 0ms, valid
  PSO: {[3,2], [6,1], [5,7], [4,4], [7,3], [0,6], [1,0], [2,5]}, 118ms, valid

Level 30:
  Backtracking: {[1,2], [4,1], [5,4], [0,7], [6,6], [3,3], [7,0], [2,5]}, 0ms, valid
  PSO: {[1,2], [4,1], [5,4], [0,7], [6,6], [3,3], [7,0], [2,5]}, 134ms, valid

