======= 11x11 | Batch 2 =======
Level 51:
  Backtracking: {[3,8], [10,7], [6,3], [2,6], [5,1], [0,5], [9,10], [8,2], [7,9], [1,0], [4,4]}, 0ms, valid
  PSO: {[6,6], [10,8], [6,3], [3,7], [5,1], [2,5], [9,10], [8,2], [7,9], [0,0], [4,4]}, 4073ms, not valid, fitness = 1.0 (adj = 0, att = 1)

Level 52:
  Backtracking: {[3,0], [10,1], [5,4], [1,5], [7,2], [9,6], [6,8], [4,7], [0,3], [8,9], [2,10]}, 0ms, valid
  PSO: {[3,0], [10,1], [5,4], [1,6], [7,2], [10,5], [6,8], [4,7], [0,3], [9,9], [2,10]}, 4132ms, not valid, fitness = 1.0 (adj = 0, att = 1)

Level 53:
  Backtracking: {[10,8], [8,6], [2,0], [1,7], [4,5], [9,3], [3,2], [7,4], [0,10], [5,1], [6,9]}, 3ms, valid
  PSO: {[9,8], [7,6], [8,0], [1,7], [4,3], [10,5], [2,4], [7,4], [0,2], [5,1], [6,9]}, 4083ms, not valid, fitness = 2.0 (adj = 0, att = 2)

Level 54:
  Backtracking: {[7,8], [10,4], [5,0], [2,7], [6,2], [1,10], [9,1], [8,5], [4,9], [0,6], [3,3]}, 4ms, valid
  PSO: {[3,6], [10,3], [7,0], [1,7], [6,2], [4,8], [9,0], [8,5], [5,10], [0,4], [2,2]}, 4170ms, not valid, fitness = 2.0 (adj = 0, att = 2)

Level 55:
  Backtracking: {[2,4], [9,3], [4,2], [10,0], [8,7], [0,9], [6,8], [3,6], [1,1], [5,5], [7,10]}, 0ms, valid
  PSO: {[6,6], [9,10], [4,2], [10,1], [8,7], [0,5], [5,8], [1,8], [2,3], [5,4], [3,9]}, 4053ms, not valid, fitness = 2.0 (adj = 0, att = 2)

Level 56:
  Backtracking: {[5,2], [10,8], [7,3], [3,1], [4,4], [0,9], [2,6], [9,10], [8,5], [1,0], [6,7]}, 0ms, valid
  PSO: {[5,2], [10,8], [8,3], [3,1], [3,4], [0,9], [2,6], [10,10], [9,5], [6,0], [7,7]}, 4120ms, not valid, fitness = 2.0 (adj = 0, att = 2)

Level 57:
  Backtracking: {[3,9], [10,8], [7,2], [0,10], [6,4], [1,5], [9,6], [8,0], [5,7], [2,1], [4,3]}, 0ms, valid
  PSO: {[3,10], [10,9], [7,3], [0,10], [4,4], [1,5], [9,6], [8,1], [5,7], [2,0], [1,2]}, 4143ms, not valid, fitness = 2.0 (adj = 0, att = 2)

Level 58:
  Backtracking: {[5,9], [10,5], [6,4], [2,8], [7,2], [0,7], [9,3], [8,6], [4,0], [1,1], [3,10]}, 0ms, valid
  PSO: {[5,9], [10,5], [4,5], [2,8], [6,2], [6,7], [9,3], [8,6], [7,0], [0,4], [3,10]}, 4026ms, not valid, fitness = 2.0 (adj = 0, att = 2)

Level 59:
  Backtracking: {[4,9], [10,8], [6,4], [2,5], [5,1], [1,3], [9,0], [8,10], [7,2], [0,6], [3,7]}, 1ms, valid
  PSO: {[4,9], [10,7], [6,6], [2,5], [5,3], [0,0], [9,1], [8,9], [7,4], [1,10], [6,8]}, 4122ms, not valid, fitness = 2.0 (adj = 0, att = 2)

Level 60:
  Backtracking: {[4,8], [9,7], [7,0], [5,10], [3,1], [2,6], [8,3], [10,4], [6,2], [1,9], [0,5]}, 1ms, valid
  PSO: {[4,8], [10,6], [8,0], [5,10], [3,1], [2,5], [9,4], [10,2], [7,3], [0,9], [6,7]}, 4165ms, not valid, fitness = 1.0 (adj = 0, att = 1)

Level 61:
  Backtracking: {[3,2], [10,7], [7,4], [1,6], [4,10], [0,8], [9,3], [8,1], [5,5], [6,0], [2,9]}, 0ms, valid
  PSO: {[5,2], [10,8], [7,4], [3,6], [4,10], [1,7], [9,3], [8,1], [5,5], [0,0], [2,9]}, 4265ms, not valid, fitness = 1.0 (adj = 0, att = 1)

Level 62:
  Backtracking: {[3,4], [10,5], [5,9], [2,10], [4,7], [1,3], [9,1], [8,6], [7,0], [0,8], [6,2]}, 0ms, valid
  PSO: {[4,4], [9,5], [5,9], [3,8], [8,10], [1,3], [10,1], [7,7], [5,0], [0,6], [6,2]}, 3997ms, not valid, fitness = 1.0 (adj = 0, att = 1)

Level 63:
  Backtracking: {[3,0], [9,10], [7,1], [1,2], [4,4], [0,9], [10,8], [8,7], [6,3], [2,5], [5,6]}, 1ms, valid
  PSO: {[2,2], [9,10], [7,1], [1,4], [5,5], [0,9], [10,8], [8,7], [6,3], [4,10], [3,6]}, 4063ms, not valid, fitness = 1.0 (adj = 0, att = 1)

Level 64:
  Backtracking: {[3,1], [10,7], [5,0], [2,5], [6,8], [0,6], [9,2], [8,4], [7,10], [1,3], [4,9]}, 0ms, valid
  PSO: {[5,5], [10,8], [8,0], [3,7], [6,8], [1,6], [9,2], [7,4], [7,10], [0,1], [4,9]}, 4155ms, not valid, fitness = 2.0 (adj = 0, att = 2)

Level 65:
  Backtracking: {[2,5], [10,9], [5,7], [7,10], [6,1], [0,6], [9,0], [8,8], [4,4], [1,3], [3,2]}, 1ms, valid
  PSO: {[2,5], [10,9], [5,7], [3,10], [6,3], [0,6], [9,1], [7,8], [4,4], [1,2], [2,0]}, 4076ms, not valid, fitness = 1.0 (adj = 0, att = 1)

Level 66:
  Backtracking: {[3,0], [7,6], [5,9], [4,3], [8,2], [0,10], [10,7], [9,5], [6,4], [1,1], [2,8]}, 1ms, valid
  PSO: {[3,0], [7,6], [4,7], [5,3], [10,2], [0,10], [8,8], [9,5], [6,9], [1,1], [2,8]}, 4090ms, not valid, fitness = 1.0 (adj = 0, att = 1)

Level 67:
  Backtracking: {[4,7], [9,10], [5,9], [0,4], [3,0], [1,6], [10,2], [7,3], [2,8], [8,1], [6,5]}, 0ms, valid
  PSO: {[7,9], [9,10], [5,8], [0,4], [4,0], [3,10], [10,3], [8,6], [2,7], [1,1], [6,5]}, 4147ms, not valid, fitness = 1.0 (adj = 0, att = 1)

Level 68:
  Backtracking: {[3,10], [10,4], [9,9], [2,8], [4,3], [5,1], [8,7], [6,6], [7,0], [0,2], [1,5]}, 2ms, valid
  PSO: {[2,10], [10,4], [7,9], [3,2], [9,0], [5,1], [8,7], [6,6], [7,0], [0,3], [1,5]}, 4068ms, not valid, fitness = 2.0 (adj = 0, att = 2)

Level 69:
  Backtracking: {[2,2], [10,5], [5,10], [1,4], [8,9], [0,7], [9,3], [3,6], [4,1], [6,8], [7,0]}, 0ms, valid
  PSO: {[2,2], [10,5], [5,9], [1,4], [7,10], [0,7], [8,3], [3,6], [4,1], [2,8], [6,0]}, 4132ms, not valid, fitness = 1.0 (adj = 0, att = 1)

Level 70:
  Backtracking: {[2,7], [10,2], [8,5], [7,1], [3,10], [1,4], [5,8], [6,6], [9,0], [0,9], [4,3]}, 0ms, valid
  PSO: {[2,8], [9,3], [8,6], [5,0], [3,10], [1,5], [7,9], [6,7], [10,1], [0,10], [4,4]}, 3917ms, not valid, fitness = 1.0 (adj = 0, att = 1)

Level 71:
  Backtracking: {[2,5], [7,3], [8,1], [1,10], [4,2], [0,8], [9,9], [6,6], [10,4], [3,7], [5,0]}, 0ms, valid
  PSO: {[2,5], [6,4], [8,2], [1,10], [3,3], [0,8], [9,9], [7,6], [10,7], [4,8], [5,0]}, 4109ms, not valid, fitness = 1.0 (adj = 0, att = 1)

Level 72:
  Backtracking: {[6,4], [10,8], [4,9], [2,5], [5,7], [1,0], [8,1], [9,6], [7,10], [0,3], [3,2]}, 1ms, valid
  PSO: {[4,4], [10,9], [8,8], [2,5], [5,7], [9,3], [6,0], [7,6], [8,10], [0,1], [3,2]}, 4116ms, not valid, fitness = 1.0 (adj = 0, att = 1)

Level 73:
  Backtracking: {[3,6], [7,5], [5,4], [1,2], [4,1], [2,10], [10,7], [9,9], [6,0], [0,8], [8,3]}, 0ms, valid
  PSO: {[3,8], [7,6], [5,5], [2,3], [4,1], [1,10], [10,7], [9,9], [0,0], [6,10], [8,4]}, 4140ms, not valid, fitness = 1.0 (adj = 0, att = 1)

Level 74:
  Backtracking: {[4,4], [10,3], [7,1], [1,0], [5,10], [2,5], [8,9], [9,7], [6,8], [0,6], [3,2]}, 0ms, valid
  PSO: {[6,3], [10,4], [7,1], [2,0], [5,10], [1,5], [8,9], [9,7], [6,8], [7,6], [4,2]}, 4106ms, not valid, fitness = 2.0 (adj = 0, att = 2)

Level 75:
  Backtracking: {[3,7], [10,0], [6,8], [2,4], [4,1], [1,2], [9,9], [7,10], [5,6], [8,3], [0,5]}, 0ms, valid
  PSO: {[2,9], [9,0], [4,7], [5,3], [3,1], [0,2], [10,10], [8,10], [7,8], [6,0], [1,6]}, 4082ms, not valid, fitness = 2.0 (adj = 0, att = 2)

Level 76:
  Backtracking: {[3,4], [10,7], [4,0], [2,6], [5,2], [6,8], [7,10], [8,5], [1,9], [0,1], [9,3]}, 1ms, valid
  PSO: {[4,4], [10,6], [6,0], [3,8], [5,2], [7,7], [8,9], [8,5], [1,10], [0,1], [9,3]}, 4048ms, not valid, fitness = 1.0 (adj = 0, att = 1)

Level 77:
  Backtracking: {[4,1], [9,3], [8,10], [0,4], [5,8], [1,2], [7,5], [10,6], [6,0], [3,9], [2,7]}, 1ms, valid
  PSO: {[4,1], [10,2], [9,10], [0,4], [5,8], [2,3], [8,7], [10,5], [7,0], [3,9], [1,6]}, 4221ms, not valid, fitness = 1.0 (adj = 0, att = 1)

Level 78:
  Backtracking: {[4,8], [9,7], [7,5], [3,6], [5,2], [1,1], [6,0], [2,9], [8,3], [0,10], [10,4]}, 1ms, valid
  PSO: {[3,8], [10,7], [7,6], [2,6], [5,2], [1,1], [9,0], [6,9], [8,3], [4,10], [9,5]}, 4077ms, not valid, fitness = 2.0 (adj = 0, att = 2)

Level 79:
  Backtracking: {[4,1], [7,4], [6,2], [2,6], [5,5], [1,0], [8,10], [9,3], [10,8], [0,7], [3,9]}, 0ms, valid
  PSO: {[5,3], [8,4], [7,2], [2,9], [6,6], [1,1], [9,8], [10,6], [10,10], [0,7], [3,5]}, 4168ms, not valid, fitness = 2.0 (adj = 0, att = 2)

Level 80:
  Backtracking: {[3,8], [10,0], [6,7], [1,1], [9,2], [4,10], [8,6], [7,9], [5,4], [0,3], [2,5]}, 3ms, valid
  PSO: {[3,8], [10,0], [6,7], [1,1], [5,2], [4,10], [9,9], [7,10], [8,4], [0,3], [2,5]}, 4223ms, not valid, fitness = 1.0 (adj = 0, att = 1)

Level 81:
  Backtracking: {[9,10], [10,3], [5,7], [1,8], [4,2], [3,0], [6,4], [8,1], [7,9], [0,5], [2,6]}, 0ms, valid
  PSO: {[5,10], [9,7], [4,6], [1,8], [2,3], [3,0], [6,4], [10,1], [7,9], [0,5], [2,6]}, 4031ms, not valid, fitness = 2.0 (adj = 0, att = 2)

Level 82:
  Backtracking: {[3,4], [10,9], [5,2], [1,3], [6,7], [2,10], [9,1], [7,0], [8,5], [0,6], [4,8]}, 0ms, valid
  PSO: {[4,4], [10,9], [5,2], [1,3], [6,7], [3,8], [9,1], [7,0], [8,5], [0,6], [7,10]}, 4040ms, not valid, fitness = 1.0 (adj = 0, att = 1)

Level 83:
  Backtracking: {[2,7], [6,4], [8,0], [3,10], [4,8], [1,5], [10,3], [7,2], [9,9], [0,1], [5,6]}, 0ms, valid
  PSO: {[3,7], [8,6], [5,1], [2,9], [4,10], [1,5], [10,4], [7,3], [9,9], [0,2], [6,8]}, 4229ms, not valid, fitness = 1.0 (adj = 0, att = 1)

Level 84:
  Backtracking: {[4,9], [9,10], [6,6], [3,1], [5,3], [0,7], [8,4], [7,2], [10,5], [1,0], [2,8]}, 1ms, valid
  PSO: {[4,10], [8,10], [7,5], [3,2], [6,3], [5,8], [10,4], [9,0], [10,6], [0,1], [1,9]}, 4041ms, not valid, fitness = 2.0 (adj = 0, att = 2)

Level 85:
  Backtracking: {[3,4], [10,8], [6,6], [1,5], [7,10], [4,1], [9,3], [8,7], [5,9], [0,0], [2,2]}, 0ms, valid
  PSO: {[3,5], [9,10], [5,6], [1,8], [7,10], [6,3], [10,2], [8,7], [5,9], [0,4], [4,0]}, 4059ms, not valid, fitness = 2.0 (adj = 0, att = 2)

Level 86:
  Backtracking: {[4,0], [10,9], [7,10], [2,7], [5,3], [9,1], [1,4], [0,6], [6,5], [3,2], [8,8]}, 2ms, valid
  PSO: {[5,0], [10,9], [3,10], [2,7], [4,3], [7,1], [1,4], [0,6], [6,5], [2,2], [8,8]}, 4142ms, not valid, fitness = 1.0 (adj = 0, att = 1)

Level 87:
  Backtracking: {[4,4], [10,10], [5,9], [2,3], [8,5], [0,2], [9,8], [7,7], [6,1], [1,0], [3,6]}, 0ms, valid
  PSO: {[4,4], [10,10], [5,9], [1,3], [6,6], [0,5], [9,8], [7,9], [8,0], [3,2], [4,7]}, 4004ms, not valid, fitness = 2.0 (adj = 0, att = 2)

Level 88:
  Backtracking: {[4,8], [10,5], [3,6], [1,0], [7,4], [0,10], [9,3], [8,1], [6,7], [2,9], [5,2]}, 0ms, valid
  PSO: {[6,8], [10,7], [3,6], [1,0], [7,4], [0,10], [9,5], [9,1], [8,8], [2,9], [5,3]}, 3978ms, not valid, fitness = 2.0 (adj = 0, att = 2)

Level 89:
  Backtracking: {[7,1], [10,2], [4,10], [2,6], [3,4], [5,7], [8,8], [6,9], [0,5], [1,3], [9,0]}, 1ms, valid
  PSO: {[1,1], [9,5], [4,10], [2,6], [3,3], [7,7], [8,9], [6,9], [0,8], [5,4], [10,0]}, 4058ms, not valid, fitness = 1.0 (adj = 0, att = 1)

Level 90:
  Backtracking: {[3,3], [10,9], [4,1], [2,5], [8,2], [1,0], [9,7], [6,8], [5,10], [0,4], [7,6]}, 0ms, valid
  PSO: {[3,4], [10,9], [4,2], [1,5], [2,1], [0,0], [9,7], [6,8], [5,10], [0,3], [7,6]}, 4105ms, not valid, fitness = 1.0 (adj = 0, att = 1)

Level 91:
  Backtracking: {[6,8], [8,4], [4,7], [9,1], [2,2], [7,6], [1,5], [10,3], [5,10], [0,9], [3,0]}, 0ms, valid
  PSO: {[3,8], [9,4], [5,7], [10,1], [1,2], [7,5], [0,6], [6,3], [4,10], [0,9], [2,0]}, 4060ms, not valid, fitness = 1.0 (adj = 0, att = 1)

Level 92:
  Backtracking: {[9,9], [10,3], [6,1], [1,10], [5,5], [2,8], [8,2], [4,0], [7,4], [0,7], [3,6]}, 1ms, valid
  PSO: {[9,8], [10,4], [7,1], [2,10], [5,3], [3,5], [10,2], [4,0], [8,6], [0,9], [6,7]}, 4073ms, not valid, fitness = 1.0 (adj = 0, att = 1)

Level 93:
  Backtracking: {[2,5], [5,8], [7,4], [3,7], [6,2], [0,6], [8,1], [9,9], [10,0], [1,3], [4,10]}, 0ms, valid
  PSO: {[2,5], [7,9], [5,7], [3,8], [6,2], [0,4], [8,1], [9,10], [10,0], [1,1], [4,10]}, 4254ms, not valid, fitness = 2.0 (adj = 0, att = 2)

Level 94:
  Backtracking: {[2,6], [10,2], [7,9], [1,10], [6,0], [3,3], [9,4], [8,1], [4,7], [0,8], [5,5]}, 0ms, valid
  PSO: {[2,6], [10,2], [7,9], [1,10], [6,1], [3,3], [9,4], [8,2], [4,7], [0,8], [5,5]}, 4204ms, not valid, fitness = 1.0 (adj = 0, att = 1)

Level 95:
  Backtracking: {[3,8], [9,6], [7,9], [1,5], [5,7], [0,3], [10,1], [6,4], [2,0], [8,2], [4,10]}, 1ms, valid
  PSO: {[3,8], [9,6], [7,9], [1,5], [5,7], [0,3], [10,1], [6,4], [2,0], [8,2], [3,10]}, 4105ms, not valid, fitness = 1.0 (adj = 0, att = 1)

Level 96:
  Backtracking: {[6,1], [8,8], [4,0], [2,5], [3,3], [0,7], [9,6], [7,10], [10,4], [1,2], [5,9]}, 0ms, valid
  PSO: {[5,2], [9,9], [4,0], [1,5], [3,4], [0,7], [8,6], [7,10], [10,3], [0,1], [2,8]}, 4076ms, not valid, fitness = 1.0 (adj = 0, att = 1)

Level 97:
  Backtracking: {[4,8], [10,10], [9,5], [2,3], [6,7], [0,4], [7,2], [5,0], [8,9], [1,1], [3,6]}, 0ms, valid
  PSO: {[4,8], [10,10], [9,5], [2,4], [6,7], [0,9], [7,3], [5,2], [8,9], [1,0], [3,6]}, 4054ms, not valid, fitness = 1.0 (adj = 0, att = 1)

Level 98:
  Backtracking: {[3,0], [10,6], [8,7], [5,2], [4,8], [1,5], [2,9], [6,4], [7,1], [0,3], [9,10]}, 0ms, valid
  PSO: {[5,0], [10,6], [8,6], [7,2], [4,8], [1,5], [2,7], [6,10], [9,4], [0,3], [9,9]}, 4123ms, not valid, fitness = 2.0 (adj = 0, att = 2)

Level 99:
  Backtracking: {[5,8], [9,5], [7,9], [2,0], [3,2], [1,6], [8,7], [10,3], [4,10], [0,1], [6,4]}, 0ms, valid
  PSO: {[1,9], [9,8], [6,7], [2,0], [3,2], [0,6], [7,5], [10,4], [4,10], [0,1], [5,3]}, 4060ms, not valid, fitness = 1.0 (adj = 0, att = 1)

Level 100:
  Backtracking: {[3,9], [10,7], [7,2], [4,3], [6,6], [0,8], [9,1], [8,4], [5,0], [1,10], [2,5]}, 0ms, valid
  PSO: {[3,9], [10,7], [10,4], [5,2], [7,7], [0,8], [9,1], [8,3], [6,0], [1,10], [4,6]}, 4106ms, not valid, fitness = 2.0 (adj = 0, att = 2)

