======= 12x12 | Batch 4 =======
Level 151:
  Backtracking: {[10,10], [9,3], [5,0], [4,8], [1,7], [0,2], [6,9], [8,11], [11,1], [2,4], [7,5], [3,6]}, 1ms, valid
  PSO: {[10,10], [7,4], [5,0], [4,8], [2,9], [0,2], [6,9], [8,11], [11,1], [1,5], [9,7], [3,6]}, 4510ms, not valid, fitness = 1.0 (adj = 0, att = 1)

Level 152:
  Backtracking: {[10,5], [4,6], [11,10], [6,2], [3,4], [1,0], [5,11], [9,3], [0,8], [7,9], [8,1], [2,7]}, 1ms, valid
  PSO: {[10,5], [4,6], [11,9], [6,2], [3,4], [7,0], [8,11], [10,3], [1,10], [9,8], [9,1], [2,7]}, 4392ms, not valid, fitness = 2.0 (adj = 0, att = 2)

Level 153:
  Backtracking: {[11,6], [4,8], [10,4], [6,2], [5,11], [0,3], [7,5], [8,7], [2,10], [1,1], [9,9], [3,0]}, 0ms, valid
  PSO: {[11,6], [4,5], [10,4], [9,2], [5,11], [0,1], [7,5], [8,7], [3,10], [2,3], [9,9], [6,0]}, 4408ms, not valid, fitness = 2.0 (adj = 0, att = 2)

Level 154:
  Backtracking: {[9,10], [8,7], [6,11], [7,9], [4,3], [2,4], [10,6], [11,2], [0,8], [1,1], [5,5], [3,0]}, 3ms, valid
  PSO: {[9,10], [7,7], [4,11], [5,9], [4,2], [2,4], [11,5], [7,0], [0,8], [1,1], [6,3], [3,0]}, 4354ms, not valid, fitness = 3.0 (adj = 0, att = 3)

Level 155:
  Backtracking: {[11,11], [3,0], [10,9], [4,5], [6,4], [2,8], [5,10], [0,3], [1,1], [9,7], [7,6], [8,2]}, 1ms, valid
  PSO: {[11,11], [3,0], [10,9], [4,5], [6,8], [2,10], [5,11], [0,2], [1,0], [9,7], [8,4], [7,1]}, 4521ms, not valid, fitness = 2.0 (adj = 0, att = 2)

Level 156:
  Backtracking: {[10,10], [5,6], [9,7], [11,4], [6,11], [0,2], [7,3], [3,1], [2,8], [1,0], [8,5], [4,9]}, 0ms, valid
  PSO: {[11,11], [5,5], [9,9], [11,4], [6,11], [0,6], [7,3], [10,1], [3,8], [1,0], [8,7], [4,10]}, 4559ms, not valid, fitness = 2.0 (adj = 0, att = 2)

Level 157:
  Backtracking: {[11,4], [6,6], [9,5], [10,2], [4,10], [1,3], [5,8], [7,11], [0,1], [2,7], [8,9], [3,0]}, 1ms, valid
  PSO: {[11,5], [6,7], [8,6], [10,3], [4,10], [2,4], [7,9], [10,11], [0,1], [1,7], [9,8], [5,0]}, 4553ms, not valid, fitness = 2.0 (adj = 0, att = 2)

Level 158:
  Backtracking: {[11,9], [3,4], [10,3], [8,1], [4,7], [6,2], [0,5], [7,11], [1,8], [5,0], [9,10], [2,6]}, 0ms, valid
  PSO: {[11,9], [1,3], [10,4], [5,1], [4,7], [9,2], [0,6], [7,11], [1,8], [3,0], [6,8], [2,5]}, 4398ms, not valid, fitness = 2.0 (adj = 0, att = 2)

Level 159:
  Backtracking: {[9,10], [1,7], [10,2], [7,8], [6,5], [3,4], [11,0], [5,1], [0,11], [4,6], [8,3], [2,9]}, 1ms, valid
  PSO: {[9,10], [0,8], [10,2], [7,9], [6,6], [1,1], [11,0], [4,4], [0,11], [3,7], [8,3], [2,10]}, 4479ms, not valid, fitness = 2.0 (adj = 0, att = 2)

Level 160:
  Backtracking: {[10,1], [3,5], [8,7], [4,9], [1,6], [9,4], [11,3], [7,2], [0,10], [5,0], [6,11], [2,8]}, 1ms, valid
  PSO: {[11,1], [4,5], [8,7], [3,9], [2,6], [1,3], [10,4], [9,2], [0,10], [6,0], [6,11], [5,8]}, 4440ms, not valid, fitness = 1.0 (adj = 0, att = 1)

Level 161:
  Backtracking: {[11,5], [3,1], [9,4], [6,8], [4,11], [0,9], [10,0], [8,7], [1,6], [5,2], [7,3], [2,10]}, 2ms, valid
  PSO: {[10,6], [3,5], [9,4], [6,10], [4,11], [0,9], [5,0], [8,7], [1,6], [11,2], [7,3], [2,9]}, 4357ms, not valid, fitness = 2.0 (adj = 0, att = 2)

Level 162:
  Backtracking: {[9,11], [3,5], [11,10], [5,9], [6,6], [0,2], [7,3], [2,0], [1,4], [10,8], [8,1], [4,7]}, 0ms, valid
  PSO: {[9,11], [2,5], [11,10], [6,8], [1,9], [0,2], [8,6], [3,0], [5,4], [10,8], [10,3], [4,7]}, 4499ms, not valid, fitness = 2.0 (adj = 0, att = 2)

Level 163:
  Backtracking: {[10,11], [2,2], [9,7], [5,4], [4,10], [3,0], [8,1], [6,8], [1,5], [11,3], [7,6], [0,9]}, 16ms, valid
  PSO: {[9,10], [2,1], [8,7], [5,4], [3,11], [0,3], [11,0], [4,9], [1,6], [10,2], [6,6], [2,8]}, 4414ms, not valid, fitness = 2.0 (adj = 0, att = 2)

Level 164:
  Backtracking: {[7,8], [3,5], [11,0], [6,1], [5,10], [0,4], [8,3], [10,7], [4,2], [1,6], [9,9], [2,11]}, 1ms, valid
  PSO: {[7,8], [5,5], [11,1], [9,0], [6,11], [0,9], [7,3], [10,7], [4,2], [2,6], [8,10], [3,11]}, 4475ms, not valid, fitness = 2.0 (adj = 0, att = 2)

Level 165:
  Backtracking: {[10,1], [4,2], [9,6], [8,8], [2,11], [1,3], [7,5], [11,4], [0,9], [3,0], [6,10], [5,7]}, 0ms, valid
  PSO: {[11,0], [3,1], [8,6], [6,5], [2,10], [1,3], [10,7], [9,2], [0,8], [8,0], [7,11], [5,9]}, 4486ms, not valid, fitness = 2.0 (adj = 0, att = 2)

Level 166:
  Backtracking: {[11,9], [2,8], [10,0], [4,6], [6,3], [0,7], [8,2], [5,1], [9,4], [1,5], [7,11], [3,10]}, 0ms, valid
  PSO: {[11,10], [2,8], [10,1], [6,9], [5,3], [0,7], [8,2], [4,0], [9,4], [1,5], [7,11], [4,11]}, 4596ms, not valid, fitness = 2.0 (adj = 0, att = 2)

Level 167:
  Backtracking: {[11,4], [4,8], [10,7], [7,2], [3,10], [0,0], [6,9], [9,3], [1,11], [2,1], [8,5], [5,6]}, 0ms, valid
  PSO: {[11,2], [4,7], [9,11], [7,1], [3,10], [0,0], [6,9], [8,3], [1,11], [2,0], [10,5], [5,4]}, 4384ms, not valid, fitness = 2.0 (adj = 0, att = 2)

Level 168:
  Backtracking: {[11,8], [4,11], [9,1], [6,3], [1,2], [0,6], [3,7], [10,10], [2,5], [7,9], [8,4], [5,0]}, 0ms, valid
  PSO: {[11,7], [4,11], [10,1], [9,9], [1,0], [0,7], [5,6], [11,10], [2,5], [6,8], [8,4], [7,2]}, 4465ms, not valid, fitness = 2.0 (adj = 0, att = 2)

Level 169:
  Backtracking: {[10,5], [0,9], [9,3], [8,7], [3,8], [5,4], [4,1], [11,10], [1,11], [6,2], [7,0], [2,6]}, 1ms, valid
  PSO: {[8,3], [4,11], [9,5], [10,8], [3,7], [0,4], [3,1], [11,10], [1,11], [6,2], [7,0], [2,9]}, 4315ms, not valid, fitness = 2.0 (adj = 0, att = 2)

Level 170:
  Backtracking: {[9,7], [3,2], [11,4], [6,11], [5,6], [0,1], [8,3], [7,9], [1,5], [2,0], [10,10], [4,8]}, 0ms, valid
  PSO: {[9,7], [4,2], [11,5], [6,11], [8,5], [2,4], [10,3], [7,9], [1,6], [3,0], [10,10], [5,8]}, 4378ms, not valid, fitness = 2.0 (adj = 0, att = 2)

Level 171:
  Backtracking: {[11,9], [4,11], [10,6], [6,2], [0,4], [1,8], [9,3], [3,1], [7,10], [2,5], [8,7], [5,0]}, 0ms, valid
  PSO: {[11,9], [5,11], [10,6], [6,3], [3,4], [0,11], [11,1], [2,2], [8,10], [1,7], [9,8], [4,0]}, 4340ms, not valid, fitness = 2.0 (adj = 0, att = 2)

Level 172:
  Backtracking: {[11,9], [4,2], [6,1], [8,0], [2,4], [0,5], [7,11], [10,3], [9,7], [1,8], [5,10], [3,6]}, 1ms, valid
  PSO: {[11,10], [2,0], [6,1], [8,1], [4,3], [0,5], [7,11], [10,2], [11,4], [1,7], [9,8], [3,6]}, 4268ms, not valid, fitness = 2.0 (adj = 0, att = 2)

Level 173:
  Backtracking: {[2,7], [3,10], [4,6], [5,4], [8,0], [1,2], [11,1], [7,9], [9,8], [0,5], [6,11], [10,3]}, 0ms, valid
  PSO: {[2,8], [0,10], [4,6], [5,4], [3,3], [1,0], [11,2], [7,9], [9,10], [0,7], [6,11], [10,5]}, 4242ms, not valid, fitness = 2.0 (adj = 0, att = 2)

Level 174:
  Backtracking: {[11,10], [3,6], [8,3], [4,0], [9,11], [0,4], [7,9], [2,1], [1,8], [6,7], [5,5], [10,2]}, 1ms, valid
  PSO: {[10,10], [3,7], [5,2], [4,0], [8,11], [0,4], [7,8], [2,1], [1,9], [6,6], [4,5], [9,1]}, 4124ms, not valid, fitness = 2.0 (adj = 0, att = 2)

Level 175:
  Backtracking: {[11,1], [2,4], [5,0], [3,8], [8,9], [9,6], [7,11], [10,3], [0,5], [4,10], [6,2], [1,7]}, 0ms, valid
  PSO: {[11,1], [2,4], [8,0], [5,8], [10,9], [9,5], [7,11], [10,3], [0,4], [4,10], [6,2], [1,6]}, 4222ms, not valid, fitness = 2.0 (adj = 0, att = 2)

Level 176:
  Backtracking: {[11,11], [1,7], [10,6], [6,0], [5,2], [3,8], [8,1], [9,9], [0,10], [2,5], [7,3], [4,4]}, 0ms, valid
  PSO: {[11,11], [1,8], [10,6], [7,0], [4,2], [5,11], [5,4], [9,9], [0,10], [2,5], [8,3], [3,7]}, 4160ms, not valid, fitness = 2.0 (adj = 0, att = 2)

Level 177:
  Backtracking: {[11,7], [2,11], [10,0], [6,8], [3,3], [1,5], [9,2], [8,4], [0,9], [5,1], [7,6], [4,10]}, 7ms, valid
  PSO: {[11,7], [2,11], [10,0], [5,8], [3,4], [1,5], [7,2], [9,6], [0,9], [1,1], [8,8], [4,10]}, 4195ms, not valid, fitness = 2.0 (adj = 0, att = 2)

Level 178:
  Backtracking: {[8,10], [1,7], [10,6], [6,8], [3,0], [2,11], [9,1], [11,2], [4,9], [0,5], [7,3], [5,4]}, 0ms, valid
  PSO: {[10,10], [1,8], [10,6], [6,10], [3,4], [2,11], [9,1], [11,2], [4,9], [0,5], [7,3], [5,7]}, 4060ms, not valid, fitness = 2.0 (adj = 0, att = 2)

Level 179:
  Backtracking: {[11,2], [3,5], [8,0], [5,4], [2,3], [0,8], [7,11], [10,9], [6,7], [1,10], [9,6], [4,1]}, 0ms, valid
  PSO: {[11,3], [4,5], [10,0], [7,4], [2,7], [0,8], [8,11], [10,9], [6,10], [3,11], [9,6], [1,1]}, 4146ms, not valid, fitness = 2.0 (adj = 0, att = 2)

Level 180:
  Backtracking: {[1,2], [11,8], [4,9], [5,6], [6,1], [0,4], [7,5], [8,10], [2,7], [3,0], [9,3], [10,11]}, 0ms, valid
  PSO: {[1,2], [11,8], [4,9], [5,6], [3,4], [0,5], [7,7], [8,10], [2,7], [6,0], [11,1], [10,11]}, 4037ms, not valid, fitness = 2.0 (adj = 0, att = 2)

Level 181:
  Backtracking: {[11,11], [6,6], [10,9], [5,3], [7,0], [1,2], [4,10], [9,1], [0,4], [2,8], [8,7], [3,5]}, 0ms, valid
  PSO: {[11,11], [8,8], [10,9], [6,4], [4,2], [1,3], [5,10], [9,1], [0,0], [2,9], [11,6], [3,5]}, 3999ms, not valid, fitness = 2.0 (adj = 0, att = 2)

Level 182:
  Backtracking: {[10,9], [5,1], [11,5], [6,10], [9,3], [0,6], [4,7], [8,11], [1,4], [7,8], [2,2], [3,0]}, 2ms, valid
  PSO: {[10,11], [3,1], [11,5], [6,10], [9,3], [0,6], [4,7], [8,10], [2,9], [7,8], [1,2], [8,0]}, 3972ms, not valid, fitness = 2.0 (adj = 0, att = 2)

Level 183:
  Backtracking: {[10,9], [3,0], [6,1], [5,5], [2,10], [0,3], [7,8], [8,6], [1,7], [9,11], [11,4], [4,2]}, 0ms, valid
  PSO: {[11,11], [3,0], [5,0], [5,5], [6,10], [0,3], [7,8], [10,7], [2,4], [9,9], [8,1], [4,2]}, 3886ms, not valid, fitness = 2.0 (adj = 0, att = 2)

Level 184:
  Backtracking: {[11,7], [0,10], [10,5], [7,4], [3,6], [4,0], [5,9], [6,1], [1,3], [2,11], [8,2], [9,8]}, 0ms, valid
  PSO: {[11,8], [0,10], [10,6], [6,3], [3,11], [2,0], [5,9], [4,5], [0,4], [1,8], [9,1], [8,7]}, 3825ms, not valid, fitness = 2.0 (adj = 0, att = 2)

Level 185:
  Backtracking: {[10,5], [3,2], [11,9], [8,4], [5,10], [2,6], [9,7], [7,11], [0,1], [1,8], [4,0], [6,3]}, 0ms, valid
  PSO: {[10,5], [3,6], [11,9], [6,4], [5,11], [2,10], [9,7], [7,11], [0,3], [1,8], [8,1], [5,2]}, 4075ms, not valid, fitness = 2.0 (adj = 0, att = 2)

Level 186:
  Backtracking: {[10,5], [2,6], [8,10], [4,2], [0,11], [5,8], [7,0], [11,1], [1,9], [6,3], [9,7], [3,4]}, 0ms, valid
  PSO: {[10,4], [0,2], [9,10], [5,3], [2,11], [4,8], [8,0], [10,1], [1,9], [6,0], [11,7], [3,5]}, 3915ms, not valid, fitness = 2.0 (adj = 0, att = 2)

Level 187:
  Backtracking: {[10,10], [2,1], [8,9], [4,6], [3,11], [1,8], [11,5], [9,7], [0,3], [5,0], [7,2], [6,4]}, 1ms, valid
  PSO: {[10,9], [3,1], [6,8], [5,6], [4,11], [1,8], [11,5], [9,7], [0,3], [8,0], [7,2], [7,4]}, 3967ms, not valid, fitness = 2.0 (adj = 0, att = 2)

Level 188:
  Backtracking: {[11,1], [5,5], [8,0], [6,2], [4,10], [0,8], [7,6], [9,7], [1,11], [3,4], [10,3], [2,9]}, 0ms, valid
  PSO: {[11,1], [5,5], [9,0], [8,4], [4,10], [1,7], [7,8], [11,6], [0,11], [1,2], [10,3], [2,9]}, 4060ms, not valid, fitness = 2.0 (adj = 0, att = 2)

Level 189:
  Backtracking: {[10,2], [2,6], [5,3], [4,5], [11,0], [0,4], [7,9], [8,11], [1,1], [3,10], [6,7], [9,8]}, 0ms, valid
  PSO: {[11,8], [2,6], [5,3], [4,5], [9,2], [0,4], [7,9], [8,11], [0,1], [3,8], [6,7], [10,10]}, 3956ms, not valid, fitness = 2.0 (adj = 0, att = 2)

Level 190:
  Backtracking: {[10,8], [2,1], [9,4], [6,7], [4,3], [0,6], [7,0], [1,11], [11,5], [3,10], [8,2], [5,9]}, 1ms, valid
  PSO: {[10,6], [2,1], [9,4], [7,7], [6,3], [1,5], [8,0], [0,11], [11,0], [5,10], [8,2], [4,8]}, 4048ms, not valid, fitness = 2.0 (adj = 0, att = 2)

Level 191:
  Backtracking: {[11,5], [3,6], [8,0], [6,8], [4,4], [2,9], [9,10], [10,3], [0,2], [1,7], [7,11], [5,1]}, 0ms, valid
  PSO: {[11,4], [0,8], [6,0], [4,9], [5,5], [1,11], [9,10], [10,6], [0,3], [2,7], [7,11], [3,1]}, 3909ms, not valid, fitness = 2.0 (adj = 0, att = 2)

Level 192:
  Backtracking: {[11,11], [3,5], [10,9], [4,1], [5,6], [0,2], [6,10], [8,4], [1,0], [2,3], [9,7], [7,8]}, 0ms, valid
  PSO: {[11,10], [3,8], [10,8], [8,1], [9,5], [0,2], [6,11], [7,4], [1,0], [2,3], [11,6], [5,9]}, 4012ms, not valid, fitness = 2.0 (adj = 0, att = 2)

Level 193:
  Backtracking: {[10,3], [3,0], [11,1], [5,4], [6,7], [1,5], [0,9], [7,10], [9,6], [4,11], [8,8], [2,2]}, 1ms, valid
  PSO: {[10,3], [3,0], [11,1], [4,3], [5,11], [1,4], [0,7], [7,10], [9,6], [1,9], [8,8], [2,2]}, 3795ms, not valid, fitness = 2.0 (adj = 0, att = 2)

Level 194:
  Backtracking: {[11,2], [1,11], [10,0], [4,6], [2,3], [0,9], [6,5], [9,7], [5,8], [3,10], [8,4], [7,1]}, 5ms, valid
  PSO: {[11,2], [1,10], [10,0], [11,11], [2,5], [0,8], [6,6], [9,7], [5,8], [3,9], [8,4], [7,1]}, 3801ms, not valid, fitness = 2.0 (adj = 0, att = 2)

Level 195:
  Backtracking: {[8,1], [4,7], [11,0], [5,5], [7,8], [0,3], [10,6], [2,4], [1,10], [6,2], [9,9], [3,11]}, 0ms, valid
  PSO: {[10,3], [5,8], [11,0], [6,5], [7,9], [4,2], [8,7], [2,4], [1,10], [7,1], [9,10], [3,11]}, 3860ms, not valid, fitness = 2.0 (adj = 0, att = 2)

Level 196:
  Backtracking: {[10,0], [2,11], [11,9], [6,10], [5,2], [0,3], [7,6], [4,4], [1,5], [8,1], [9,8], [3,7]}, 0ms, valid
  PSO: {[10,0], [2,10], [11,11], [6,10], [10,6], [1,1], [7,7], [4,3], [0,5], [9,2], [8,9], [3,8]}, 3818ms, not valid, fitness = 2.0 (adj = 0, att = 2)

Level 197:
  Backtracking: {[11,3], [4,10], [10,8], [6,0], [3,1], [1,9], [8,7], [9,2], [2,4], [0,11], [7,5], [5,6]}, 2ms, valid
  PSO: {[11,4], [8,11], [10,8], [4,0], [6,1], [1,3], [8,7], [9,2], [2,6], [0,9], [7,5], [5,7]}, 3881ms, not valid, fitness = 2.0 (adj = 0, att = 2)

Level 198:
  Backtracking: {[11,9], [0,7], [10,2], [9,4], [8,1], [1,5], [3,8], [4,0], [2,10], [5,6], [7,3], [6,11]}, 0ms, valid
  PSO: {[11,11], [2,5], [10,2], [9,4], [8,1], [0,0], [3,8], [6,1], [4,10], [5,6], [7,3], [8,9]}, 3891ms, not valid, fitness = 2.0 (adj = 0, att = 2)

Level 199:
  Backtracking: {[10,3], [2,11], [4,4], [7,7], [1,8], [5,2], [6,9], [8,0], [9,5], [0,10], [11,1], [3,6]}, 1ms, valid
  PSO: {[8,5], [2,11], [4,4], [11,10], [2,8], [1,2], [6,9], [7,0], [10,7], [0,11], [9,3], [3,6]}, 3792ms, not valid, fitness = 2.0 (adj = 0, att = 2)

Level 200:
  Backtracking: {[11,0], [3,5], [10,3], [5,2], [2,7], [0,11], [6,10], [4,9], [1,4], [7,8], [8,6], [9,1]}, 0ms, valid
  PSO: {[11,0], [3,2], [10,3], [5,1], [1,7], [0,11], [6,11], [4,9], [2,4], [7,8], [8,6], [9,1]}, 3780ms, not valid, fitness = 2.0 (adj = 0, att = 2)

