======= 9x9 | Batch 5 =======
Level 201:
  Backtracking: {[5,1], [3,6], [1,4], [8,0], [2,8], [0,7], [7,2], [4,3], [6,5]}, 1ms, valid
  PSO: {[4,2], [3,5], [1,4], [6,1], [0,8], [2,7], [7,3], [5,4], [8,6]}, 37664ms, not valid, fitness = 1.0 (adj = 0, att = 1)

Level 202:
  Backtracking: {[4,2], [3,0], [0,8], [8,5], [5,6], [1,4], [7,3], [6,1], [2,7]}, 0ms, valid
  PSO: {[4,2], [3,0], [0,8], [8,5], [5,6], [1,4], [7,3], [6,1], [2,7]}, 162ms, valid

Level 203:
  Backtracking: {[0,5], [4,0], [5,3], [8,2], [2,6], [6,1], [7,7], [3,4], [1,8]}, 0ms, valid
  PSO: {[0,8], [5,0], [3,1], [7,2], [2,6], [8,0], [6,7], [4,5], [1,3]}, 37439ms, not valid, fitness = 1.0 (adj = 0, att = 1)

Level 204:
  Backtracking: {[0,5], [7,7], [8,1], [6,3], [3,2], [5,8], [2,4], [4,6], [1,0]}, 0ms, valid
  PSO: {[0,8], [8,6], [7,3], [5,5], [3,2], [4,8], [1,4], [2,7], [6,1]}, 37615ms, not valid, fitness = 1.0 (adj = 0, att = 1)

Level 205:
  Backtracking: {[3,2], [5,7], [1,6], [6,1], [8,5], [7,3], [0,8], [4,0], [2,4]}, 0ms, valid
  PSO: {[3,2], [5,7], [1,6], [6,1], [8,5], [7,3], [0,8], [4,0], [2,4]}, 149ms, valid

Level 206:
  Backtracking: {[7,5], [4,6], [3,0], [8,8], [2,4], [5,2], [1,1], [6,7], [0,3]}, 0ms, valid
  PSO: {[7,5], [4,6], [3,0], [8,8], [2,4], [5,2], [1,1], [6,7], [0,3]}, 254ms, valid

Level 207:
  Backtracking: {[3,3], [6,2], [2,5], [7,0], [1,8], [0,6], [8,4], [5,7], [4,1]}, 0ms, valid
  PSO: {[3,3], [6,2], [2,5], [7,0], [1,8], [0,6], [8,4], [5,7], [4,1]}, 160ms, valid

Level 208:
  Backtracking: {[0,5], [4,4], [2,6], [6,3], [5,1], [7,7], [8,2], [3,8], [1,0]}, 0ms, valid
  PSO: {[0,5], [4,2], [1,8], [6,0], [2,1], [7,7], [8,4], [3,6], [0,3]}, 37292ms, not valid, fitness = 1.0 (adj = 0, att = 1)

Level 209:
  Backtracking: {[4,1], [5,6], [2,5], [8,3], [1,2], [3,7], [7,8], [6,0], [0,4]}, 1ms, valid
  PSO: {[1,1], [5,6], [3,5], [6,4], [2,3], [4,8], [8,6], [7,2], [0,7]}, 38023ms, not valid, fitness = 1.0 (adj = 0, att = 1)

Level 210:
  Backtracking: {[0,3], [6,0], [4,2], [8,4], [1,7], [3,8], [7,6], [5,5], [2,1]}, 0ms, valid
  PSO: {[0,3], [6,0], [4,2], [8,4], [1,7], [3,8], [7,6], [5,5], [2,1]}, 231ms, valid

Level 211:
  Backtracking: {[3,3], [5,6], [2,5], [6,8], [1,1], [7,2], [8,7], [4,0], [0,4]}, 1ms, valid
  PSO: {[1,0], [4,7], [2,6], [6,7], [3,2], [7,1], [8,8], [5,5], [0,4]}, 38266ms, not valid, fitness = 1.0 (adj = 0, att = 1)

Level 212:
  Backtracking: {[6,5], [4,0], [3,8], [8,1], [2,2], [0,4], [7,3], [5,7], [1,6]}, 0ms, valid
  PSO: {[6,4], [5,0], [4,5], [8,1], [3,2], [0,7], [8,3], [7,8], [2,6]}, 37974ms, not valid, fitness = 1.0 (adj = 0, att = 1)

Level 213:
  Backtracking: {[0,7], [4,5], [2,6], [7,3], [1,4], [6,0], [8,8], [5,2], [3,1]}, 0ms, valid
  PSO: {[0,8], [4,5], [3,3], [7,4], [1,6], [6,0], [8,8], [5,2], [2,1]}, 37806ms, not valid, fitness = 1.0 (adj = 0, att = 1)

Level 214:
  Backtracking: {[7,5], [8,1], [3,4], [5,8], [2,0], [4,6], [0,7], [6,3], [1,2]}, 0ms, valid
  PSO: {[7,5], [5,1], [4,4], [3,8], [2,0], [4,6], [0,7], [6,3], [1,2]}, 38271ms, not valid, fitness = 1.0 (adj = 0, att = 1)

Level 215:
  Backtracking: {[8,4], [4,0], [3,6], [7,1], [1,2], [5,3], [0,7], [6,5], [2,8]}, 0ms, valid
  PSO: {[8,4], [4,0], [3,6], [7,1], [1,2], [5,3], [0,7], [6,5], [2,8]}, 242ms, valid

Level 216:
  Backtracking: {[0,1], [2,2], [5,0], [7,7], [4,8], [3,6], [8,4], [6,3], [1,5]}, 0ms, valid
  PSO: {[0,1], [2,2], [5,0], [7,7], [4,8], [3,6], [8,4], [6,3], [1,5]}, 238ms, valid

Level 217:
  Backtracking: {[1,8], [4,3], [2,2], [7,4], [3,7], [8,6], [6,0], [5,5], [0,1]}, 0ms, valid
  PSO: {[1,8], [4,3], [2,2], [7,4], [3,7], [8,6], [6,0], [5,5], [0,1]}, 240ms, valid

Level 218:
  Backtracking: {[1,4], [3,5], [2,7], [7,2], [5,3], [6,8], [8,0], [4,1], [0,6]}, 0ms, valid
  PSO: {[1,4], [3,5], [2,7], [7,2], [5,3], [6,8], [8,0], [4,1], [0,6]}, 163ms, valid

Level 219:
  Backtracking: {[2,4], [3,7], [5,0], [6,3], [1,6], [7,1], [8,5], [4,2], [0,8]}, 0ms, valid
  PSO: {[2,4], [3,7], [5,0], [6,3], [1,6], [7,1], [8,5], [4,2], [0,8]}, 249ms, valid

Level 220:
  Backtracking: {[1,1], [4,8], [3,6], [6,0], [2,4], [7,7], [8,5], [5,2], [0,3]}, 0ms, valid
  PSO: {[1,1], [4,8], [3,6], [6,0], [2,4], [7,7], [8,5], [5,2], [0,3]}, 251ms, valid

Level 221:
  Backtracking: {[1,0], [2,5], [5,2], [4,6], [0,4], [7,3], [8,8], [6,7], [3,1]}, 0ms, valid
  PSO: {[1,0], [2,5], [5,2], [4,6], [0,4], [7,3], [8,8], [6,7], [3,1]}, 347ms, valid

Level 222:
  Backtracking: {[0,2], [3,8], [2,5], [7,1], [6,4], [5,0], [8,3], [4,6], [1,7]}, 0ms, valid
  PSO: {[0,2], [3,8], [2,5], [7,1], [6,4], [5,0], [8,3], [4,6], [1,7]}, 282ms, valid

Level 223:
  Backtracking: {[0,0], [8,2], [2,1], [7,8], [3,4], [5,3], [4,7], [6,6], [1,5]}, 0ms, valid
  PSO: {[2,2], [8,1], [6,0], [7,8], [4,4], [7,3], [3,7], [5,6], [1,5]}, 39026ms, not valid, fitness = 1.0 (adj = 0, att = 1)

Level 224:
  Backtracking: {[0,4], [5,7], [3,1], [8,6], [1,8], [2,5], [7,2], [4,3], [6,0]}, 1ms, valid
  PSO: {[1,1], [5,6], [3,2], [6,4], [0,7], [2,5], [8,3], [4,0], [7,0]}, 38230ms, not valid, fitness = 1.0 (adj = 0, att = 1)

Level 225:
  Backtracking: {[0,4], [3,7], [4,1], [7,0], [1,6], [5,8], [8,3], [6,5], [2,2]}, 0ms, valid
  PSO: {[0,4], [3,7], [4,1], [7,0], [1,6], [5,8], [8,3], [6,5], [2,2]}, 257ms, valid

Level 226:
  Backtracking: {[4,0], [3,6], [1,7], [6,8], [0,3], [5,4], [7,2], [8,5], [2,1]}, 0ms, valid
  PSO: {[4,0], [3,6], [1,7], [6,8], [0,3], [5,4], [7,2], [8,5], [2,1]}, 252ms, valid

Level 227:
  Backtracking: {[1,4], [3,5], [2,7], [7,0], [4,3], [6,8], [8,2], [5,6], [0,1]}, 0ms, valid
  PSO: {[1,4], [3,5], [2,7], [7,0], [4,3], [6,8], [8,2], [5,6], [0,1]}, 237ms, valid

Level 228:
  Backtracking: {[0,0], [2,5], [1,7], [6,2], [4,1], [5,4], [8,3], [3,8], [7,6]}, 0ms, valid
  PSO: {[0,0], [2,5], [1,7], [6,2], [4,1], [5,4], [8,3], [3,8], [7,6]}, 160ms, valid

Level 229:
  Backtracking: {[1,0], [3,7], [4,3], [6,6], [2,2], [7,1], [5,8], [8,5], [0,4]}, 0ms, valid
  PSO: {[0,2], [3,8], [4,4], [7,7], [2,0], [6,3], [5,8], [8,5], [1,6]}, 37796ms, not valid, fitness = 1.0 (adj = 0, att = 1)

Level 230:
  Backtracking: {[1,6], [8,2], [4,4], [6,3], [2,1], [5,0], [3,7], [7,5], [0,8]}, 0ms, valid
  PSO: {[1,6], [8,2], [4,4], [6,3], [2,1], [5,0], [3,7], [7,5], [0,8]}, 260ms, valid

Level 231:
  Backtracking: {[0,2], [2,8], [4,7], [6,1], [7,3], [3,0], [8,5], [5,4], [1,6]}, 0ms, valid
  PSO: {[0,2], [2,8], [4,7], [6,1], [7,3], [3,0], [8,5], [5,4], [1,6]}, 155ms, valid

Level 232:
  Backtracking: {[2,6], [4,7], [3,4], [8,5], [1,3], [7,2], [6,8], [5,0], [0,1]}, 0ms, valid
  PSO: {[0,6], [4,7], [2,5], [7,4], [3,3], [8,2], [7,8], [6,1], [1,0]}, 38071ms, not valid, fitness = 1.0 (adj = 0, att = 1)

Level 233:
  Backtracking: {[0,5], [5,1], [3,6], [7,2], [1,3], [2,0], [8,7], [4,4], [6,8]}, 1ms, valid
  PSO: {[0,5], [5,1], [3,6], [7,2], [1,3], [2,0], [8,7], [4,4], [6,8]}, 337ms, valid

Level 234:
  Backtracking: {[0,5], [5,3], [4,1], [7,2], [1,7], [6,8], [8,4], [3,6], [2,0]}, 0ms, valid
  PSO: {[0,5], [5,3], [4,1], [7,2], [1,7], [6,8], [8,4], [3,6], [2,0]}, 236ms, valid

Level 235:
  Backtracking: {[7,6], [4,2], [3,5], [6,0], [0,3], [1,8], [8,4], [5,7], [2,1]}, 0ms, valid
  PSO: {[7,6], [4,2], [3,5], [6,0], [0,3], [1,8], [8,4], [5,7], [2,1]}, 229ms, valid

Level 236:
  Backtracking: {[5,3], [3,5], [7,2], [6,8], [0,6], [2,0], [8,7], [4,1], [1,4]}, 0ms, valid
  PSO: {[5,3], [3,5], [7,2], [6,8], [0,6], [2,0], [8,7], [4,1], [1,4]}, 156ms, valid

Level 237:
  Backtracking: {[0,2], [6,0], [2,4], [7,8], [1,6], [5,7], [8,3], [4,5], [3,1]}, 0ms, valid
  PSO: {[0,2], [6,0], [2,4], [7,8], [1,6], [5,7], [8,3], [4,5], [3,1]}, 225ms, valid

Level 238:
  Backtracking: {[0,5], [6,2], [2,6], [7,4], [3,1], [5,0], [8,7], [4,3], [1,8]}, 0ms, valid
  PSO: {[1,5], [8,2], [4,6], [7,4], [3,1], [6,0], [8,7], [5,3], [0,8]}, 37333ms, not valid, fitness = 1.0 (adj = 0, att = 1)

Level 239:
  Backtracking: {[0,6], [4,2], [3,5], [7,3], [2,0], [6,1], [8,7], [5,4], [1,8]}, 0ms, valid
  PSO: {[0,5], [4,2], [3,4], [7,3], [2,0], [6,1], [8,6], [5,4], [1,7]}, 38409ms, not valid, fitness = 1.0 (adj = 0, att = 1)

Level 240:
  Backtracking: {[1,1], [3,6], [5,7], [7,8], [2,4], [4,2], [8,3], [6,0], [0,5]}, 0ms, valid
  PSO: {[1,1], [3,6], [5,7], [7,8], [2,4], [4,2], [8,3], [6,0], [0,5]}, 273ms, valid

Level 241:
  Backtracking: {[1,7], [4,0], [2,3], [6,6], [3,8], [7,1], [8,5], [5,2], [0,4]}, 1ms, valid
  PSO: {[1,7], [4,0], [2,3], [6,6], [3,8], [7,1], [8,5], [5,2], [0,4]}, 252ms, valid

Level 242:
  Backtracking: {[0,0], [5,3], [7,7], [8,4], [1,2], [3,1], [6,5], [4,8], [2,6]}, 0ms, valid
  PSO: {[0,0], [5,3], [7,7], [8,4], [1,2], [3,1], [6,5], [4,8], [2,6]}, 253ms, valid

Level 243:
  Backtracking: {[0,0], [6,2], [3,8], [7,5], [1,4], [5,6], [8,7], [4,3], [2,1]}, 0ms, valid
  PSO: {[0,0], [6,2], [3,8], [7,5], [1,4], [5,6], [8,7], [4,3], [2,1]}, 235ms, valid

Level 244:
  Backtracking: {[1,0], [8,2], [5,1], [7,7], [2,8], [6,5], [3,6], [4,3], [0,4]}, 0ms, valid
  PSO: {[1,0], [8,2], [5,1], [7,7], [2,8], [6,5], [3,6], [4,3], [0,4]}, 241ms, valid

Level 245:
  Backtracking: {[3,1], [8,2], [5,0], [6,6], [0,7], [7,4], [2,8], [4,5], [1,3]}, 1ms, valid
  PSO: {[3,1], [8,2], [5,0], [6,6], [0,7], [7,4], [2,8], [4,5], [1,3]}, 238ms, valid

Level 246:
  Backtracking: {[5,4], [2,7], [3,5], [7,3], [6,0], [0,6], [8,8], [4,2], [1,1]}, 0ms, valid
  PSO: {[6,8], [2,7], [4,5], [7,4], [3,1], [0,6], [8,8], [5,2], [1,3]}, 38246ms, not valid, fitness = 1.0 (adj = 0, att = 1)

Level 247:
  Backtracking: {[0,6], [2,5], [3,7], [7,2], [5,3], [6,0], [8,4], [4,1], [1,8]}, 1ms, valid
  PSO: {[0,6], [2,5], [3,7], [7,2], [5,3], [6,0], [8,4], [4,1], [1,8]}, 255ms, valid

Level 248:
  Backtracking: {[1,1], [5,2], [4,7], [7,8], [2,3], [6,4], [8,6], [3,0], [0,5]}, 1ms, valid
  PSO: {[1,3], [5,2], [6,7], [8,8], [2,1], [7,4], [8,6], [4,0], [0,5]}, 38210ms, not valid, fitness = 1.0 (adj = 0, att = 1)

Level 249:
  Backtracking: {[0,2], [4,4], [2,3], [8,7], [3,1], [6,0], [7,5], [5,6], [1,8]}, 1ms, valid
  PSO: {[0,2], [4,4], [2,3], [8,7], [3,1], [6,0], [7,5], [5,6], [1,8]}, 273ms, valid

Level 250:
  Backtracking: {[0,1], [5,5], [3,6], [8,2], [1,8], [7,7], [4,0], [6,3], [2,4]}, 0ms, valid
  PSO: {[0,1], [5,5], [3,6], [8,2], [1,8], [7,7], [4,0], [6,3], [2,4]}, 249ms, valid

