======= 8x8 | Batch 2 =======
Level 51:
  Backtracking: {[2,3], [7,7], [0,4], [5,5], [6,1], [3,6], [1,0], [4,2]}, 0ms, valid
  PSO: {[2,3], [7,7], [0,4], [5,5], [6,1], [3,6], [1,0], [4,2]}, 146ms, valid

Level 52:
  Backtracking: {[6,5], [4,7], [1,1], [5,3], [7,2], [0,6], [3,0], [2,4]}, 0ms, valid
  PSO: {[6,5], [4,7], [1,1], [5,3], [7,2], [0,6], [3,0], [2,4]}, 223ms, valid

Level 53:
  Backtracking: {[0,6], [7,2], [2,3], [5,7], [6,5], [4,4], [1,1], [3,0]}, 0ms, valid
  PSO: {[0,6], [7,2], [2,3], [5,7], [6,5], [4,4], [1,1], [3,0]}, 214ms, valid

Level 54:
  Backtracking: {[1,3], [3,4], [0,5], [7,1], [4,6], [6,7], [2,0], [5,2]}, 0ms, valid
  PSO: {[1,3], [3,4], [0,5], [7,1], [4,6], [6,7], [2,0], [5,2]}, 166ms, valid

Level 55:
  Backtracking: {[0,2], [5,1], [6,3], [7,6], [3,5], [4,7], [2,0], [1,4]}, 0ms, valid
  PSO: {[0,0], [6,0], [5,2], [7,6], [2,5], [4,4], [3,1], [1,3]}, 33695ms, not valid, fitness = 1.0 (adj = 0, att = 1)

Level 56:
  Backtracking: {[5,1], [4,6], [2,7], [6,3], [7,0], [1,5], [0,2], [3,4]}, 0ms, valid
  PSO: {[5,1], [4,6], [2,7], [6,3], [7,0], [1,5], [0,2], [3,4]}, 215ms, valid

Level 57:
  Backtracking: {[4,1], [7,6], [1,5], [0,2], [5,3], [2,7], [6,0], [3,4]}, 0ms, valid
  PSO: {[4,1], [6,7], [0,4], [1,0], [5,5], [0,6], [7,2], [2,3]}, 33913ms, not valid, fitness = 1.0 (adj = 0, att = 1)

Level 58:
  Backtracking: {[4,4], [6,0], [1,1], [0,3], [5,6], [3,2], [7,7], [2,5]}, 0ms, valid
  PSO: {[4,4], [6,0], [1,1], [0,3], [5,6], [3,2], [7,7], [2,5]}, 224ms, valid

Level 59:
  Backtracking: {[3,3], [6,2], [2,1], [7,5], [5,4], [1,7], [0,0], [4,6]}, 0ms, valid
  PSO: {[3,3], [6,2], [2,1], [7,5], [5,4], [1,7], [0,0], [4,6]}, 138ms, valid

Level 60:
  Backtracking: {[5,7], [4,1], [0,3], [6,5], [3,4], [1,6], [7,0], [2,2]}, 0ms, valid
  PSO: {[5,7], [4,1], [0,3], [6,5], [3,4], [1,6], [7,0], [2,2]}, 152ms, valid

Level 61:
  Backtracking: {[6,6], [4,5], [1,1], [3,0], [2,4], [5,2], [0,7], [7,3]}, 0ms, valid
  PSO: {[6,6], [4,5], [1,1], [3,0], [2,4], [5,2], [0,7], [7,3]}, 133ms, valid

Level 62:
  Backtracking: {[6,6], [3,5], [7,0], [5,4], [0,1], [1,7], [4,2], [2,3]}, 0ms, valid
  PSO: {[6,6], [3,5], [7,0], [5,4], [0,1], [1,7], [4,2], [2,3]}, 136ms, valid

Level 63:
  Backtracking: {[0,5], [6,3], [1,1], [5,0], [4,6], [7,7], [3,2], [2,4]}, 0ms, valid
  PSO: {[0,5], [6,3], [1,1], [5,0], [4,6], [7,7], [3,2], [2,4]}, 147ms, valid

Level 64:
  Backtracking: {[6,4], [4,5], [2,6], [5,1], [0,0], [7,7], [1,3], [3,2]}, 0ms, valid
  PSO: {[6,4], [4,5], [2,6], [5,1], [0,0], [7,7], [1,3], [3,2]}, 211ms, valid

Level 65:
  Backtracking: {[7,0], [4,3], [0,2], [5,5], [6,7], [2,1], [1,4], [3,6]}, 1ms, valid
  PSO: {[7,0], [4,3], [0,2], [5,5], [6,7], [2,1], [1,4], [3,6]}, 236ms, valid

Level 66:
  Backtracking: {[2,4], [4,3], [3,1], [1,6], [5,5], [6,2], [0,0], [7,7]}, 1ms, valid
  PSO: {[2,4], [4,3], [3,1], [1,6], [5,5], [6,2], [0,0], [7,7]}, 223ms, valid

Level 67:
  Backtracking: {[3,6], [5,5], [1,3], [2,0], [6,2], [7,4], [0,7], [4,1]}, 0ms, valid
  PSO: {[3,6], [5,5], [1,3], [2,0], [6,2], [7,4], [0,7], [4,1]}, 220ms, valid

Level 68:
  Backtracking: {[1,3], [0,7], [7,0], [3,2], [4,4], [2,5], [5,1], [6,6]}, 0ms, valid
  PSO: {[1,3], [0,7], [7,0], [3,2], [4,4], [2,5], [5,1], [6,6]}, 310ms, valid

Level 69:
  Backtracking: {[2,5], [3,3], [0,7], [1,1], [6,2], [5,4], [4,0], [7,6]}, 0ms, valid
  PSO: {[2,5], [3,3], [0,7], [1,1], [6,2], [5,4], [4,0], [7,6]}, 159ms, valid

Level 70:
  Backtracking: {[2,3], [4,5], [3,7], [1,1], [7,0], [6,6], [0,4], [5,2]}, 0ms, valid
  PSO: {[2,3], [4,5], [3,7], [1,1], [7,0], [6,6], [0,4], [5,2]}, 144ms, valid

Level 71:
  Backtracking: {[0,7], [7,0], [4,4], [2,3], [5,2], [3,6], [1,1], [6,5]}, 1ms, valid
  PSO: {[0,7], [7,0], [4,4], [2,3], [5,2], [3,6], [1,1], [6,5]}, 145ms, valid

Level 72:
  Backtracking: {[2,1], [4,2], [1,3], [6,6], [3,5], [0,7], [7,0], [5,4]}, 0ms, valid
  PSO: {[2,1], [4,2], [1,3], [6,6], [3,5], [0,7], [7,0], [5,4]}, 149ms, valid

Level 73:
  Backtracking: {[3,3], [5,4], [0,1], [4,6], [1,7], [7,5], [2,0], [6,2]}, 0ms, valid
  PSO: {[2,4], [5,3], [0,1], [6,6], [1,7], [4,5], [2,2], [3,0]}, 33549ms, not valid, fitness = 1.0 (adj = 0, att = 1)

Level 74:
  Backtracking: {[1,2], [7,7], [0,4], [6,5], [5,1], [2,6], [3,0], [4,3]}, 0ms, valid
  PSO: {[1,2], [7,7], [0,4], [6,5], [5,1], [2,6], [3,0], [4,3]}, 219ms, valid

Level 75:
  Backtracking: {[3,4], [6,0], [2,1], [5,5], [4,2], [7,6], [0,3], [1,7]}, 0ms, valid
  PSO: {[4,4], [6,0], [2,1], [3,5], [5,2], [7,6], [0,3], [1,7]}, 33608ms, not valid, fitness = 1.0 (adj = 1, att = 0)

Level 76:
  Backtracking: {[2,2], [3,6], [1,7], [7,4], [4,0], [6,1], [0,3], [5,5]}, 0ms, valid
  PSO: {[2,2], [3,6], [1,7], [7,4], [4,0], [6,1], [0,3], [5,5]}, 217ms, valid

Level 77:
  Backtracking: {[3,1], [7,6], [1,2], [6,3], [5,7], [2,4], [0,0], [4,5]}, 0ms, valid
  PSO: {[3,1], [7,6], [1,2], [6,3], [5,7], [2,4], [0,0], [4,5]}, 142ms, valid

Level 78:
  Backtracking: {[3,6], [0,4], [1,0], [6,7], [5,5], [2,3], [7,1], [4,2]}, 0ms, valid
  PSO: {[3,6], [0,4], [1,0], [6,7], [5,5], [2,3], [7,1], [4,2]}, 221ms, valid

Level 79:
  Backtracking: {[2,7], [5,4], [6,2], [0,1], [4,6], [1,5], [7,0], [3,3]}, 0ms, valid
  PSO: {[2,7], [5,4], [6,2], [0,1], [4,6], [1,5], [7,0], [3,3]}, 148ms, valid

Level 80:
  Backtracking: {[2,3], [6,5], [3,1], [7,2], [5,7], [0,6], [1,0], [4,4]}, 0ms, valid
  PSO: {[2,3], [6,5], [3,1], [7,2], [5,7], [0,6], [1,0], [4,4]}, 147ms, valid

Level 81:
  Backtracking: {[3,4], [5,7], [1,3], [6,5], [7,2], [0,6], [2,0], [4,1]}, 1ms, valid
  PSO: {[3,4], [5,7], [1,3], [6,5], [7,2], [0,6], [2,0], [4,1]}, 133ms, valid

Level 82:
  Backtracking: {[1,1], [5,2], [3,4], [7,5], [6,0], [2,7], [0,3], [4,6]}, 0ms, valid
  PSO: {[1,1], [5,2], [3,4], [7,5], [6,0], [2,7], [0,3], [4,6]}, 126ms, valid

Level 83:
  Backtracking: {[1,5], [3,1], [6,6], [7,0], [4,4], [5,2], [0,7], [2,3]}, 0ms, valid
  PSO: {[1,5], [3,1], [6,6], [7,0], [4,4], [5,2], [0,7], [2,3]}, 142ms, valid

Level 84:
  Backtracking: {[2,7], [3,3], [1,2], [6,6], [5,1], [0,4], [7,0], [4,5]}, 0ms, valid
  PSO: {[2,7], [3,3], [1,2], [6,6], [5,1], [0,4], [7,0], [4,5]}, 162ms, valid

Level 85:
  Backtracking: {[4,2], [1,6], [0,0], [6,7], [5,4], [7,3], [2,1], [3,5]}, 0ms, valid
  PSO: {[4,2], [1,6], [0,0], [6,7], [5,4], [7,3], [2,1], [3,5]}, 143ms, valid

Level 86:
  Backtracking: {[4,1], [3,5], [0,3], [7,7], [6,2], [1,6], [2,0], [5,4]}, 0ms, valid
  PSO: {[4,1], [3,5], [0,3], [7,7], [6,2], [1,6], [2,0], [5,4]}, 140ms, valid

Level 87:
  Backtracking: {[0,7], [6,1], [3,3], [5,4], [7,5], [4,6], [2,0], [1,2]}, 0ms, valid
  PSO: {[0,7], [6,1], [3,3], [5,4], [7,5], [4,6], [2,0], [1,2]}, 134ms, valid

Level 88:
  Backtracking: {[2,2], [3,4], [7,1], [5,3], [6,6], [1,5], [0,0], [4,7]}, 0ms, valid
  PSO: {[2,2], [3,4], [7,1], [5,3], [6,6], [1,5], [0,0], [4,7]}, 160ms, valid

Level 89:
  Backtracking: {[3,3], [1,2], [0,7], [7,0], [5,6], [2,5], [6,4], [4,1]}, 0ms, valid
  PSO: {[3,3], [1,2], [0,7], [7,0], [5,6], [2,5], [6,4], [4,1]}, 133ms, valid

Level 90:
  Backtracking: {[3,4], [7,2], [1,3], [6,5], [5,7], [0,6], [2,0], [4,1]}, 0ms, valid
  PSO: {[3,4], [7,2], [1,3], [6,5], [5,7], [0,6], [2,0], [4,1]}, 144ms, valid

Level 91:
  Backtracking: {[6,7], [2,6], [1,3], [4,4], [3,2], [0,5], [7,0], [5,1]}, 0ms, valid
  PSO: {[6,7], [2,6], [1,3], [4,4], [3,2], [0,5], [7,0], [5,1]}, 227ms, valid

Level 92:
  Backtracking: {[2,1], [4,3], [0,2], [6,5], [5,7], [1,4], [7,0], [3,6]}, 0ms, valid
  PSO: {[2,1], [4,3], [0,2], [6,5], [5,7], [1,4], [7,0], [3,6]}, 181ms, valid

Level 93:
  Backtracking: {[2,3], [1,5], [0,0], [7,4], [5,6], [3,7], [6,2], [4,1]}, 0ms, valid
  PSO: {[2,3], [1,5], [0,0], [7,4], [5,6], [3,7], [6,2], [4,1]}, 143ms, valid

Level 94:
  Backtracking: {[2,5], [7,7], [1,1], [6,2], [3,3], [0,4], [4,0], [5,6]}, 0ms, valid
  PSO: {[2,5], [7,7], [1,1], [6,2], [3,3], [0,4], [4,0], [5,6]}, 142ms, valid

Level 95:
  Backtracking: {[4,5], [5,0], [2,4], [7,1], [6,3], [1,6], [0,2], [3,7]}, 0ms, valid
  PSO: {[4,5], [5,0], [2,4], [7,1], [6,3], [1,6], [0,2], [3,7]}, 132ms, valid

Level 96:
  Backtracking: {[2,6], [4,5], [0,7], [3,0], [5,1], [6,4], [1,3], [7,2]}, 0ms, valid
  PSO: {[2,6], [4,5], [0,7], [3,0], [5,1], [6,4], [1,3], [7,2]}, 151ms, valid

Level 97:
  Backtracking: {[3,2], [7,1], [0,5], [6,3], [4,6], [1,7], [5,0], [2,4]}, 1ms, valid
  PSO: {[3,2], [7,1], [0,5], [6,3], [4,6], [1,7], [5,0], [2,4]}, 127ms, valid

Level 98:
  Backtracking: {[4,6], [5,3], [1,0], [6,7], [3,4], [2,2], [0,5], [7,1]}, 0ms, valid
  PSO: {[4,6], [5,3], [1,0], [6,7], [3,4], [2,2], [0,5], [7,1]}, 232ms, valid

Level 99:
  Backtracking: {[1,5], [2,0], [0,1], [6,4], [3,3], [7,6], [5,2], [4,7]}, 0ms, valid
  PSO: {[1,5], [2,0], [0,1], [6,4], [3,3], [7,6], [5,2], [4,7]}, 149ms, valid

Level 100:
  Backtracking: {[3,0], [5,1], [0,6], [6,7], [1,3], [7,2], [2,5], [4,4]}, 0ms, valid
  PSO: {[3,0], [5,1], [0,6], [6,7], [1,3], [7,2], [2,5], [4,4]}, 140ms, valid

