======= 10x10 | Batch 4 =======
Level 151:
  Backtracking: {[3,6], [6,4], [0,0], [2,8], [5,9], [7,1], [1,2], [9,7], [8,5], [4,3]}, 0ms, valid
  PSO: {[4,7], [7,4], [0,0], [2,8], [5,9], [6,1], [1,2], [8,9], [9,6], [3,3]}, 41707ms, not valid, fitness = 1.0 (adj = 0, att = 1)

Level 152:
  Backtracking: {[1,5], [6,4], [0,0], [5,6], [2,1], [7,7], [3,8], [9,2], [8,9], [4,3]}, 0ms, valid
  PSO: {[1,5], [6,4], [0,0], [5,6], [2,1], [7,7], [3,8], [9,2], [8,9], [4,3]}, 262ms, valid

Level 153:
  Backtracking: {[2,9], [5,1], [0,2], [6,7], [4,3], [7,5], [3,0], [8,8], [9,4], [1,6]}, 1ms, valid
  PSO: {[2,7], [6,0], [0,3], [4,9], [5,2], [7,6], [3,1], [8,8], [9,4], [5,5]}, 40777ms, not valid, fitness = 1.0 (adj = 0, att = 1)

Level 154:
  Backtracking: {[2,8], [4,9], [6,0], [8,7], [0,6], [7,5], [1,4], [9,1], [5,2], [3,3]}, 0ms, valid
  PSO: {[1,9], [3,8], [4,0], [6,6], [0,7], [7,4], [0,5], [9,1], [5,2], [2,3]}, 41681ms, not valid, fitness = 1.0 (adj = 0, att = 1)

Level 155:
  Backtracking: {[6,7], [5,0], [0,3], [4,6], [1,9], [7,1], [2,2], [9,5], [8,8], [3,4]}, 0ms, valid
  PSO: {[6,7], [5,0], [0,3], [4,6], [1,9], [7,0], [2,1], [9,2], [8,8], [3,4]}, 40971ms, not valid, fitness = 1.0 (adj = 0, att = 1)

Level 156:
  Backtracking: {[2,2], [4,3], [0,7], [5,5], [1,4], [7,8], [3,9], [8,6], [9,0], [6,1]}, 1ms, valid
  PSO: {[3,2], [6,3], [0,7], [5,5], [1,4], [7,8], [4,9], [8,6], [9,0], [5,1]}, 40877ms, not valid, fitness = 1.0 (adj = 0, att = 1)

Level 157:
  Backtracking: {[7,5], [9,3], [1,1], [5,2], [3,4], [4,6], [6,0], [8,7], [0,8], [2,9]}, 0ms, valid
  PSO: {[7,5], [9,3], [1,1], [5,2], [3,4], [4,6], [6,0], [8,7], [0,8], [2,9]}, 162ms, valid

Level 158:
  Backtracking: {[4,2], [5,8], [1,1], [7,3], [0,4], [6,6], [2,9], [9,7], [8,5], [3,0]}, 0ms, valid
  PSO: {[4,2], [5,6], [1,1], [6,3], [0,4], [7,7], [2,8], [9,7], [8,5], [3,0]}, 41481ms, not valid, fitness = 1.0 (adj = 0, att = 1)

Level 159:
  Backtracking: {[9,0], [7,4], [0,7], [6,9], [1,3], [5,5], [4,1], [2,6], [8,2], [3,8]}, 0ms, valid
  PSO: {[9,1], [6,4], [0,7], [5,9], [1,2], [7,8], [4,0], [2,6], [8,3], [3,9]}, 41499ms, not valid, fitness = 1.0 (adj = 0, att = 1)

Level 160:
  Backtracking: {[4,1], [5,7], [1,4], [2,8], [0,6], [8,5], [3,3], [9,0], [7,9], [6,2]}, 1ms, valid
  PSO: {[4,1], [5,7], [1,0], [2,8], [0,5], [8,6], [3,3], [9,2], [7,9], [6,1]}, 41560ms, not valid, fitness = 1.0 (adj = 0, att = 1)

Level 161:
  Backtracking: {[3,1], [6,2], [2,3], [5,8], [1,0], [7,7], [0,4], [9,9], [8,5], [4,6]}, 0ms, valid
  PSO: {[3,1], [6,2], [2,3], [5,8], [1,0], [7,7], [0,4], [9,9], [8,5], [4,6]}, 352ms, valid

Level 162:
  Backtracking: {[2,5], [7,6], [0,1], [5,2], [1,7], [6,9], [3,3], [9,8], [8,4], [4,0]}, 0ms, valid
  PSO: {[2,4], [6,7], [0,2], [5,1], [1,6], [7,9], [3,6], [9,8], [8,5], [4,3]}, 40958ms, not valid, fitness = 1.0 (adj = 0, att = 1)

Level 163:
  Backtracking: {[1,2], [6,5], [0,7], [5,3], [2,0], [9,4], [3,9], [7,8], [8,6], [4,1]}, 0ms, valid
  PSO: {[1,2], [6,5], [0,7], [5,3], [2,0], [9,4], [3,9], [7,8], [8,6], [4,1]}, 276ms, valid

Level 164:
  Backtracking: {[2,3], [7,5], [3,1], [5,6], [0,2], [8,8], [1,7], [9,4], [6,0], [4,9]}, 0ms, valid
  PSO: {[2,3], [7,5], [3,1], [5,6], [0,2], [8,8], [1,7], [9,4], [6,0], [4,9]}, 357ms, valid

Level 165:
  Backtracking: {[2,6], [5,9], [1,1], [9,8], [0,7], [6,3], [4,2], [8,5], [7,0], [3,4]}, 0ms, valid
  PSO: {[2,6], [5,9], [1,1], [9,8], [0,7], [6,3], [4,2], [8,5], [7,0], [3,4]}, 352ms, valid

Level 166:
  Backtracking: {[2,5], [5,6], [8,1], [4,8], [1,0], [6,9], [0,2], [9,4], [7,7], [3,3]}, 0ms, valid
  PSO: {[1,7], [6,5], [4,1], [3,6], [0,0], [5,9], [0,2], [8,4], [7,8], [2,3]}, 41651ms, not valid, fitness = 1.0 (adj = 0, att = 1)

Level 167:
  Backtracking: {[1,1], [5,8], [0,3], [4,5], [2,4], [6,6], [3,0], [9,9], [8,7], [7,2]}, 0ms, valid
  PSO: {[1,1], [5,8], [0,3], [4,5], [2,4], [6,6], [3,0], [9,9], [8,7], [7,2]}, 293ms, valid

Level 168:
  Backtracking: {[2,1], [3,9], [0,8], [5,2], [6,4], [7,7], [1,6], [8,5], [9,3], [4,0]}, 0ms, valid
  PSO: {[2,1], [5,9], [0,8], [4,2], [1,4], [7,7], [3,6], [9,5], [6,3], [4,0]}, 41618ms, not valid, fitness = 1.0 (adj = 0, att = 1)

Level 169:
  Backtracking: {[2,0], [4,9], [1,2], [5,1], [0,8], [6,4], [3,7], [9,5], [7,6], [8,3]}, 0ms, valid
  PSO: {[3,1], [4,8], [1,2], [8,0], [2,6], [7,4], [6,7], [9,5], [9,9], [5,3]}, 42004ms, not valid, fitness = 1.0 (adj = 0, att = 1)

Level 170:
  Backtracking: {[1,9], [6,1], [0,5], [5,8], [3,2], [7,7], [2,4], [9,6], [8,3], [4,0]}, 0ms, valid
  PSO: {[1,9], [6,1], [0,5], [5,8], [3,2], [7,7], [2,4], [9,6], [8,3], [4,0]}, 280ms, valid

Level 171:
  Backtracking: {[1,1], [6,3], [0,4], [5,8], [2,5], [7,7], [4,6], [9,0], [8,2], [3,9]}, 0ms, valid
  PSO: {[2,1], [6,5], [0,3], [5,8], [1,7], [7,8], [4,6], [9,0], [8,2], [3,9]}, 41941ms, not valid, fitness = 1.0 (adj = 0, att = 1)

Level 172:
  Backtracking: {[2,7], [8,6], [0,2], [5,3], [1,5], [6,0], [3,4], [9,8], [7,9], [4,1]}, 0ms, valid
  PSO: {[2,7], [8,6], [0,2], [5,3], [1,5], [6,0], [3,4], [9,8], [7,9], [4,1]}, 278ms, valid

Level 173:
  Backtracking: {[2,4], [5,8], [0,3], [7,0], [1,9], [6,6], [4,1], [9,2], [8,5], [3,7]}, 0ms, valid
  PSO: {[2,3], [5,4], [0,0], [7,0], [1,5], [6,6], [4,1], [9,2], [8,7], [3,8]}, 41779ms, not valid, fitness = 1.0 (adj = 0, att = 1)

Level 174:
  Backtracking: {[4,5], [7,2], [0,6], [5,3], [2,4], [8,7], [1,1], [9,9], [6,0], [3,8]}, 2ms, valid
  PSO: {[3,2], [8,3], [0,6], [6,4], [2,5], [7,9], [1,1], [9,8], [9,0], [5,7]}, 41644ms, not valid, fitness = 1.0 (adj = 0, att = 1)

Level 175:
  Backtracking: {[0,5], [4,8], [6,4], [5,1], [1,7], [7,0], [2,3], [9,9], [8,2], [3,6]}, 0ms, valid
  PSO: {[0,5], [4,8], [0,0], [5,1], [1,7], [6,3], [2,4], [9,9], [8,2], [3,6]}, 41235ms, not valid, fitness = 1.0 (adj = 0, att = 1)

Level 176:
  Backtracking: {[0,7], [4,6], [3,3], [6,0], [1,9], [9,1], [2,5], [7,4], [5,2], [8,8]}, 0ms, valid
  PSO: {[3,8], [4,6], [0,1], [8,0], [1,9], [9,3], [2,5], [7,7], [5,2], [6,9]}, 41057ms, not valid, fitness = 1.0 (adj = 0, att = 1)

Level 177:
  Backtracking: {[3,5], [7,9], [0,2], [4,3], [2,7], [1,0], [6,6], [9,1], [8,4], [5,8]}, 0ms, valid
  PSO: {[3,7], [7,8], [0,4], [4,3], [1,9], [2,1], [6,5], [9,2], [8,6], [5,8]}, 41095ms, not valid, fitness = 1.0 (adj = 0, att = 1)

Level 178:
  Backtracking: {[3,9], [9,1], [0,4], [4,0], [1,2], [6,3], [2,6], [8,7], [7,5], [5,8]}, 0ms, valid
  PSO: {[3,9], [9,1], [0,4], [4,0], [3,2], [6,3], [2,6], [8,7], [7,5], [5,8]}, 41212ms, not valid, fitness = 1.0 (adj = 0, att = 1)

Level 179:
  Backtracking: {[3,5], [4,8], [0,1], [6,2], [1,3], [7,4], [2,7], [9,9], [8,6], [5,0]}, 1ms, valid
  PSO: {[3,5], [4,8], [0,1], [6,2], [1,4], [9,3], [2,7], [9,9], [8,6], [5,0]}, 41321ms, not valid, fitness = 1.0 (adj = 0, att = 1)

Level 180:
  Backtracking: {[3,4], [6,7], [1,6], [4,8], [0,2], [7,9], [5,5], [8,3], [9,0], [2,1]}, 0ms, valid
  PSO: {[3,4], [6,7], [1,6], [4,8], [0,2], [7,9], [5,5], [8,3], [9,0], [2,1]}, 271ms, valid

Level 181:
  Backtracking: {[2,1], [7,4], [1,6], [5,2], [0,0], [8,7], [3,3], [9,9], [6,8], [4,5]}, 0ms, valid
  PSO: {[2,1], [7,4], [1,6], [5,2], [0,0], [8,7], [3,3], [9,9], [6,8], [4,5]}, 267ms, valid

Level 182:
  Backtracking: {[6,8], [4,2], [0,5], [8,6], [1,7], [5,0], [2,4], [9,3], [7,1], [3,9]}, 0ms, valid
  PSO: {[6,8], [4,2], [0,5], [8,6], [1,7], [5,0], [2,4], [9,3], [7,1], [3,9]}, 394ms, valid

Level 183:
  Backtracking: {[2,7], [6,8], [0,1], [5,4], [1,9], [9,2], [4,6], [7,3], [8,5], [3,0]}, 0ms, valid
  PSO: {[2,7], [6,8], [0,1], [5,4], [1,9], [9,2], [4,6], [7,3], [8,5], [5,0]}, 41449ms, not valid, fitness = 1.0 (adj = 0, att = 1)

Level 184:
  Backtracking: {[3,3], [6,9], [1,0], [5,2], [0,4], [9,8], [2,6], [8,1], [7,7], [4,5]}, 1ms, valid
  PSO: {[3,3], [6,9], [1,0], [5,2], [0,4], [9,8], [2,6], [8,1], [7,7], [4,5]}, 350ms, valid

Level 185:
  Backtracking: {[2,8], [6,2], [1,6], [7,4], [3,0], [5,5], [0,9], [8,1], [9,3], [4,7]}, 0ms, valid
  PSO: {[2,8], [4,3], [0,5], [7,7], [1,2], [5,6], [0,9], [6,0], [9,4], [3,1]}, 41235ms, not valid, fitness = 1.0 (adj = 0, att = 1)

Level 186:
  Backtracking: {[0,8], [5,5], [9,0], [4,1], [2,2], [6,3], [1,6], [8,4], [7,9], [3,7]}, 0ms, valid
  PSO: {[0,8], [5,7], [9,0], [4,1], [2,2], [6,3], [1,6], [8,5], [7,9], [3,7]}, 41982ms, not valid, fitness = 1.0 (adj = 0, att = 1)

Level 187:
  Backtracking: {[5,6], [4,0], [2,4], [6,8], [3,9], [9,2], [1,7], [7,3], [8,5], [0,1]}, 0ms, valid
  PSO: {[5,9], [4,0], [2,4], [6,7], [3,9], [9,2], [1,8], [7,3], [8,5], [0,1]}, 42612ms, not valid, fitness = 1.0 (adj = 0, att = 1)

Level 188:
  Backtracking: {[2,9], [7,7], [3,4], [4,2], [1,3], [5,6], [0,1], [9,8], [6,0], [8,5]}, 1ms, valid
  PSO: {[1,9], [3,7], [2,5], [4,2], [2,3], [5,6], [0,1], [8,8], [9,0], [6,4]}, 42153ms, not valid, fitness = 1.0 (adj = 0, att = 1)

Level 189:
  Backtracking: {[0,8], [7,4], [4,0], [3,6], [1,3], [5,2], [6,7], [9,5], [8,1], [2,9]}, 0ms, valid
  PSO: {[0,8], [7,4], [2,1], [3,6], [1,3], [4,2], [6,7], [9,5], [5,0], [2,9]}, 41892ms, not valid, fitness = 1.0 (adj = 0, att = 1)

Level 190:
  Backtracking: {[3,2], [6,7], [1,3], [9,6], [0,1], [7,9], [2,5], [8,4], [5,0], [4,8]}, 0ms, valid
  PSO: {[3,2], [6,7], [1,3], [9,6], [0,1], [7,9], [2,5], [8,4], [5,0], [4,8]}, 349ms, valid

Level 191:
  Backtracking: {[1,2], [5,0], [0,4], [6,7], [2,8], [8,6], [3,3], [7,9], [9,1], [4,5]}, 0ms, valid
  PSO: {[1,0], [7,2], [0,4], [6,8], [2,7], [9,6], [4,3], [8,9], [9,1], [5,5]}, 41815ms, not valid, fitness = 1.0 (adj = 0, att = 1)

Level 192:
  Backtracking: {[2,7], [6,9], [1,4], [5,2], [0,8], [7,5], [4,6], [8,3], [9,1], [3,0]}, 0ms, valid
  PSO: {[2,7], [6,9], [1,4], [5,2], [0,8], [7,5], [4,6], [8,3], [9,1], [3,0]}, 187ms, valid

Level 193:
  Backtracking: {[3,3], [5,2], [0,9], [6,4], [1,7], [7,8], [2,5], [9,6], [8,1], [4,0]}, 0ms, valid
  PSO: {[3,3], [5,2], [0,8], [6,4], [2,9], [7,7], [4,6], [9,5], [8,1], [5,0]}, 41611ms, not valid, fitness = 1.0 (adj = 0, att = 1)

Level 194:
  Backtracking: {[3,1], [7,5], [2,9], [4,6], [1,7], [5,4], [0,3], [8,2], [9,0], [6,8]}, 1ms, valid
  PSO: {[0,1], [4,2], [2,9], [9,6], [1,7], [5,4], [0,5], [8,3], [7,0], [6,8]}, 42217ms, not valid, fitness = 1.0 (adj = 0, att = 1)

Level 195:
  Backtracking: {[2,5], [6,4], [0,6], [5,1], [1,3], [7,0], [3,7], [9,2], [8,8], [4,9]}, 0ms, valid
  PSO: {[3,5], [7,4], [0,6], [5,1], [2,3], [7,0], [4,8], [9,2], [8,7], [6,9]}, 42291ms, not valid, fitness = 1.0 (adj = 0, att = 1)

Level 196:
  Backtracking: {[0,5], [5,6], [4,2], [3,8], [7,1], [6,4], [2,0], [8,9], [9,3], [1,7]}, 0ms, valid
  PSO: {[0,7], [5,5], [4,1], [3,8], [2,3], [9,6], [1,0], [8,9], [7,4], [6,8]}, 41890ms, not valid, fitness = 1.0 (adj = 0, att = 1)

Level 197:
  Backtracking: {[1,2], [4,4], [0,5], [6,1], [3,7], [7,6], [5,8], [9,0], [8,3], [2,9]}, 0ms, valid
  PSO: {[3,1], [6,3], [1,5], [9,2], [4,6], [7,7], [5,8], [8,0], [9,4], [2,9]}, 42109ms, not valid, fitness = 1.0 (adj = 0, att = 1)

Level 198:
  Backtracking: {[2,3], [6,1], [1,6], [4,0], [0,9], [8,2], [3,5], [9,8], [7,4], [5,7]}, 0ms, valid
  PSO: {[2,3], [5,1], [1,6], [8,0], [4,9], [7,2], [3,5], [9,7], [7,4], [6,8]}, 41648ms, not valid, fitness = 1.0 (adj = 0, att = 1)

Level 199:
  Backtracking: {[0,2], [6,3], [1,4], [3,7], [2,9], [7,0], [4,1], [8,8], [9,5], [5,6]}, 1ms, valid
  PSO: {[2,4], [5,3], [1,6], [6,9], [0,9], [7,0], [3,2], [8,8], [9,5], [4,7]}, 42140ms, not valid, fitness = 1.0 (adj = 0, att = 1)

Level 200:
  Backtracking: {[2,1], [6,8], [3,5], [5,2], [0,9], [7,6], [1,4], [9,7], [8,3], [4,0]}, 0ms, valid
  PSO: {[1,1], [6,8], [3,9], [5,2], [0,7], [7,6], [2,4], [9,7], [8,3], [4,5]}, 41274ms, not valid, fitness = 1.0 (adj = 0, att = 1)

