======= 8x8 | Batch 3 =======
Level 101:
  Backtracking: {[6,0], [7,3], [3,5], [2,1], [1,6], [0,4], [4,2], [5,7]}, 0ms, valid
  PSO: {[6,0], [7,3], [3,5], [2,1], [1,6], [0,4], [4,2], [5,7]}, 129ms, valid

Level 102:
  Backtracking: {[1,4], [4,1], [0,7], [7,0], [3,6], [2,2], [6,5], [5,3]}, 0ms, valid
  PSO: {[1,4], [4,1], [0,7], [7,0], [3,6], [2,2], [6,5], [5,3]}, 143ms, valid

Level 103:
  Backtracking: {[2,4], [3,2], [5,0], [4,6], [7,5], [1,1], [6,7], [0,3]}, 0ms, valid
  PSO: {[2,4], [3,2], [5,0], [4,6], [7,5], [1,1], [6,7], [0,3]}, 138ms, valid

Level 104:
  Backtracking: {[3,3], [7,0], [2,7], [5,5], [0,6], [6,2], [1,4], [4,1]}, 0ms, valid
  PSO: {[3,3], [7,0], [2,7], [5,5], [0,6], [6,2], [1,4], [4,1]}, 147ms, valid

Level 105:
  Backtracking: {[7,4], [5,5], [2,3], [6,2], [1,6], [0,0], [4,1], [3,7]}, 0ms, valid
  PSO: {[7,4], [5,5], [2,3], [6,2], [1,6], [0,0], [4,1], [3,7]}, 145ms, valid

Level 106:
  Backtracking: {[5,6], [4,2], [7,7], [0,5], [3,4], [2,0], [1,3], [6,1]}, 0ms, valid
  PSO: {[5,6], [4,2], [7,7], [0,5], [3,4], [2,0], [1,3], [6,1]}, 220ms, valid

Level 107:
  Backtracking: {[2,5], [5,6], [1,2], [6,0], [0,4], [4,1], [3,3], [7,7]}, 0ms, valid
  PSO: {[2,5], [5,6], [1,2], [6,0], [0,4], [4,1], [3,3], [7,7]}, 227ms, valid

Level 108:
  Backtracking: {[1,0], [7,3], [3,4], [6,1], [5,7], [4,2], [2,6], [0,5]}, 0ms, valid
  PSO: {[1,0], [7,3], [3,4], [6,1], [5,7], [4,2], [2,6], [0,5]}, 154ms, valid

Level 109:
  Backtracking: {[4,7], [7,1], [1,6], [5,5], [2,2], [0,0], [3,4], [6,3]}, 0ms, valid
  PSO: {[4,7], [7,1], [1,6], [5,5], [2,2], [0,0], [3,4], [6,3]}, 261ms, valid

Level 110:
  Backtracking: {[1,4], [6,6], [2,1], [4,5], [5,2], [0,7], [7,0], [3,3]}, 0ms, valid
  PSO: {[1,4], [6,6], [2,1], [4,5], [5,2], [0,7], [7,0], [3,3]}, 149ms, valid

Level 111:
  Backtracking: {[4,1], [7,4], [2,7], [5,6], [1,3], [3,5], [0,0], [6,2]}, 0ms, valid
  PSO: {[4,1], [7,4], [2,7], [5,6], [1,3], [3,5], [0,0], [6,2]}, 140ms, valid

Level 112:
  Backtracking: {[2,1], [6,5], [7,3], [4,4], [1,7], [0,0], [3,6], [5,2]}, 0ms, valid
  PSO: {[2,1], [6,5], [7,3], [4,4], [1,7], [0,0], [3,6], [5,2]}, 161ms, valid

Level 113:
  Backtracking: {[6,0], [7,5], [4,2], [5,7], [1,3], [0,1], [3,4], [2,6]}, 1ms, valid
  PSO: {[6,0], [7,5], [4,2], [5,7], [1,3], [0,1], [3,4], [2,6]}, 201ms, valid

Level 114:
  Backtracking: {[2,5], [7,1], [1,7], [5,2], [3,3], [6,6], [0,4], [4,0]}, 0ms, valid
  PSO: {[2,5], [7,1], [1,7], [5,2], [3,3], [6,6], [0,4], [4,0]}, 268ms, valid

Level 115:
  Backtracking: {[4,7], [6,6], [0,3], [5,4], [7,0], [2,5], [1,1], [3,2]}, 0ms, valid
  PSO: {[4,7], [6,6], [0,3], [5,4], [7,0], [2,5], [1,1], [3,2]}, 148ms, valid

Level 116:
  Backtracking: {[5,5], [4,3], [7,7], [3,6], [2,4], [0,0], [6,1], [1,2]}, 0ms, valid
  PSO: {[5,5], [4,3], [7,7], [3,6], [2,4], [0,0], [6,1], [1,2]}, 150ms, valid

Level 117:
  Backtracking: {[4,0], [0,5], [2,1], [6,6], [5,2], [3,7], [7,4], [1,3]}, 0ms, valid
  PSO: {[6,0], [0,6], [2,1], [5,5], [5,2], [3,7], [7,3], [1,4]}, 33974ms, not valid, fitness = 1.0 (adj = 0, att = 1)

Level 118:
  Backtracking: {[2,1], [7,4], [1,3], [4,2], [6,0], [0,7], [5,6], [3,5]}, 0ms, valid
  PSO: {[2,1], [7,4], [1,3], [4,2], [6,0], [0,7], [5,6], [3,5]}, 250ms, valid

Level 119:
  Backtracking: {[1,4], [6,2], [2,1], [5,6], [7,7], [0,0], [3,5], [4,3]}, 1ms, valid
  PSO: {[1,4], [6,2], [2,1], [5,6], [7,7], [0,0], [3,5], [4,3]}, 239ms, valid

Level 120:
  Backtracking: {[1,6], [5,4], [0,0], [4,2], [6,1], [7,7], [2,3], [3,5]}, 0ms, valid
  PSO: {[1,6], [5,4], [0,0], [4,2], [6,1], [7,7], [2,3], [3,5]}, 160ms, valid

Level 121:
  Backtracking: {[5,2], [4,5], [0,7], [1,0], [3,3], [2,6], [7,1], [6,4]}, 0ms, valid
  PSO: {[5,2], [4,5], [0,7], [1,0], [3,3], [2,6], [7,1], [6,4]}, 147ms, valid

Level 122:
  Backtracking: {[5,1], [4,3], [2,2], [7,7], [6,4], [0,0], [1,5], [3,6]}, 0ms, valid
  PSO: {[5,1], [4,3], [2,2], [7,7], [6,4], [0,0], [1,5], [3,6]}, 143ms, valid

Level 123:
  Backtracking: {[6,3], [5,6], [3,4], [1,7], [4,1], [0,2], [7,5], [2,0]}, 0ms, valid
  PSO: {[6,3], [5,6], [3,4], [1,7], [4,1], [0,2], [7,5], [2,0]}, 154ms, valid

Level 124:
  Backtracking: {[4,1], [5,4], [2,2], [7,3], [6,6], [0,7], [1,0], [3,5]}, 0ms, valid
  PSO: {[4,1], [5,4], [2,2], [7,3], [6,6], [0,7], [1,0], [3,5]}, 139ms, valid

Level 125:
  Backtracking: {[5,3], [7,0], [1,1], [2,4], [3,2], [0,5], [6,6], [4,7]}, 0ms, valid
  PSO: {[5,3], [7,0], [1,1], [2,4], [3,2], [0,5], [6,6], [4,7]}, 152ms, valid

Level 126:
  Backtracking: {[7,0], [5,6], [3,3], [1,2], [4,1], [6,4], [0,7], [2,5]}, 1ms, valid
  PSO: {[7,1], [4,3], [3,5], [2,2], [3,0], [6,4], [5,7], [1,6]}, 33826ms, not valid, fitness = 1.0 (adj = 0, att = 1)

Level 127:
  Backtracking: {[3,3], [5,7], [4,5], [0,0], [1,2], [7,1], [2,6], [6,4]}, 1ms, valid
  PSO: {[3,3], [5,7], [4,5], [0,0], [1,2], [7,1], [2,6], [6,4]}, 129ms, valid

Level 128:
  Backtracking: {[7,0], [5,6], [2,4], [6,2], [1,7], [3,1], [0,5], [4,3]}, 1ms, valid
  PSO: {[7,0], [5,6], [2,4], [6,2], [1,7], [3,1], [0,5], [4,3]}, 153ms, valid

Level 129:
  Backtracking: {[6,1], [3,2], [0,3], [1,6], [5,7], [4,0], [7,5], [2,4]}, 0ms, valid
  PSO: {[6,1], [3,2], [0,3], [1,6], [5,7], [4,0], [7,5], [2,4]}, 151ms, valid

Level 130:
  Backtracking: {[1,5], [3,3], [4,0], [0,7], [2,1], [6,4], [7,6], [5,2]}, 0ms, valid
  PSO: {[2,6], [3,4], [4,0], [0,5], [1,3], [5,5], [7,7], [6,2]}, 34235ms, not valid, fitness = 1.0 (adj = 0, att = 1)

Level 131:
  Backtracking: {[6,6], [1,5], [0,3], [5,2], [3,7], [2,1], [7,4], [4,0]}, 0ms, valid
  PSO: {[6,6], [1,5], [0,3], [5,2], [3,7], [2,1], [7,4], [4,0]}, 218ms, valid

Level 132:
  Backtracking: {[7,7], [4,4], [0,3], [1,5], [2,1], [5,0], [6,2], [3,6]}, 1ms, valid
  PSO: {[7,7], [4,4], [0,3], [1,5], [2,1], [5,0], [6,2], [3,6]}, 222ms, valid

Level 133:
  Backtracking: {[2,2], [7,5], [4,1], [1,6], [5,7], [6,0], [0,3], [3,4]}, 0ms, valid
  PSO: {[2,2], [7,5], [4,1], [1,6], [5,7], [6,0], [0,3], [3,4]}, 227ms, valid

Level 134:
  Backtracking: {[4,1], [5,4], [7,0], [1,2], [3,3], [6,6], [0,7], [2,5]}, 0ms, valid
  PSO: {[4,1], [5,4], [7,0], [1,2], [3,3], [6,6], [0,7], [2,5]}, 154ms, valid

Level 135:
  Backtracking: {[2,4], [6,6], [7,0], [1,1], [5,2], [0,3], [3,7], [4,5]}, 0ms, valid
  PSO: {[2,4], [6,6], [7,0], [1,1], [5,2], [0,3], [3,7], [4,5]}, 138ms, valid

Level 136:
  Backtracking: {[4,3], [6,2], [2,1], [3,5], [7,7], [0,0], [5,6], [1,4]}, 0ms, valid
  PSO: {[4,3], [6,2], [2,1], [3,5], [7,7], [0,0], [5,6], [1,4]}, 225ms, valid

Level 137:
  Backtracking: {[7,7], [6,0], [3,2], [1,3], [2,5], [0,1], [4,4], [5,6]}, 0ms, valid
  PSO: {[7,7], [6,0], [2,3], [3,1], [2,5], [0,2], [4,4], [5,6]}, 33920ms, not valid, fitness = 1.0 (adj = 0, att = 1)

Level 138:
  Backtracking: {[7,5], [3,3], [2,7], [6,2], [4,6], [5,0], [0,1], [1,4]}, 0ms, valid
  PSO: {[6,7], [2,3], [0,4], [1,1], [3,6], [7,0], [4,0], [5,2]}, 34372ms, not valid, fitness = 1.0 (adj = 0, att = 1)

Level 139:
  Backtracking: {[2,4], [6,1], [5,3], [7,5], [4,0], [3,7], [0,2], [1,6]}, 0ms, valid
  PSO: {[2,4], [6,1], [5,3], [7,5], [4,0], [3,7], [0,2], [1,6]}, 168ms, valid

Level 140:
  Backtracking: {[0,1], [2,6], [3,3], [4,0], [5,2], [7,5], [1,4], [6,7]}, 0ms, valid
  PSO: {[0,1], [2,6], [3,3], [4,0], [5,2], [7,5], [1,4], [6,7]}, 146ms, valid

Level 141:
  Backtracking: {[7,7], [5,6], [1,4], [4,1], [3,5], [0,0], [6,3], [2,2]}, 0ms, valid
  PSO: {[7,7], [5,6], [1,4], [4,1], [3,5], [0,0], [6,3], [2,2]}, 145ms, valid

Level 142:
  Backtracking: {[0,6], [6,7], [1,2], [3,3], [4,5], [2,0], [5,1], [7,4]}, 0ms, valid
  PSO: {[4,7], [7,6], [3,1], [2,3], [5,5], [0,0], [6,2], [7,4]}, 34030ms, not valid, fitness = 1.0 (adj = 0, att = 1)

Level 143:
  Backtracking: {[6,5], [5,2], [3,3], [1,4], [0,6], [2,1], [7,7], [4,0]}, 0ms, valid
  PSO: {[6,5], [5,2], [3,3], [1,4], [0,6], [2,1], [7,7], [4,0]}, 151ms, valid

Level 144:
  Backtracking: {[4,6], [1,3], [0,0], [5,2], [3,1], [6,7], [7,4], [2,5]}, 0ms, valid
  PSO: {[4,6], [1,3], [0,0], [5,2], [3,1], [6,7], [7,4], [2,5]}, 210ms, valid

Level 145:
  Backtracking: {[2,5], [5,4], [4,0], [3,3], [1,2], [7,1], [6,6], [0,7]}, 0ms, valid
  PSO: {[2,5], [5,4], [4,0], [3,3], [1,2], [7,1], [6,6], [0,7]}, 135ms, valid

Level 146:
  Backtracking: {[7,3], [5,1], [1,6], [4,7], [6,5], [0,0], [2,2], [3,4]}, 0ms, valid
  PSO: {[7,3], [5,1], [1,6], [4,7], [6,5], [0,0], [2,2], [3,4]}, 164ms, valid

Level 147:
  Backtracking: {[7,1], [3,2], [0,3], [5,0], [1,7], [2,4], [6,5], [4,6]}, 0ms, valid
  PSO: {[7,1], [3,2], [0,3], [5,0], [1,7], [2,4], [6,5], [4,6]}, 136ms, valid

Level 148:
  Backtracking: {[2,2], [5,7], [1,6], [4,0], [6,1], [0,4], [7,3], [3,5]}, 0ms, valid
  PSO: {[2,2], [5,7], [1,6], [4,0], [6,1], [0,4], [7,3], [3,5]}, 289ms, valid

Level 149:
  Backtracking: {[7,0], [1,2], [0,7], [5,3], [4,1], [2,6], [3,4], [6,5]}, 0ms, valid
  PSO: {[7,0], [1,2], [0,7], [5,3], [4,1], [2,6], [3,4], [6,5]}, 215ms, valid

Level 150:
  Backtracking: {[0,3], [3,6], [1,5], [5,1], [4,4], [7,2], [2,0], [6,7]}, 0ms, valid
  PSO: {[0,3], [3,6], [1,5], [5,1], [4,4], [7,2], [2,0], [6,7]}, 152ms, valid

