======= 10x10 | Batch 5 =======
Level 201:
  Backtracking: {[1,1], [7,2], [2,6], [5,7], [0,5], [8,8], [3,4], [9,3], [6,0], [4,9]}, 0ms, valid
  PSO: {[1,1], [7,2], [2,6], [5,7], [0,5], [8,8], [3,4], [9,3], [6,0], [4,9]}, 282ms, valid

Level 202:
  Backtracking: {[1,9], [7,2], [0,1], [4,8], [6,0], [5,5], [2,7], [9,6], [8,4], [3,3]}, 0ms, valid
  PSO: {[1,9], [7,3], [0,1], [4,8], [6,0], [5,5], [2,7], [9,6], [8,8], [3,4]}, 40520ms, not valid, fitness = 1.0 (adj = 0, att = 1)

Level 203:
  Backtracking: {[4,8], [5,6], [0,7], [7,0], [1,9], [6,3], [2,1], [9,2], [8,4], [3,5]}, 0ms, valid
  PSO: {[4,8], [5,6], [0,7], [7,0], [2,9], [6,4], [1,3], [9,2], [8,8], [3,5]}, 41407ms, not valid, fitness = 1.0 (adj = 0, att = 1)

Level 204:
  Backtracking: {[1,6], [4,7], [8,0], [5,1], [0,3], [6,8], [2,2], [9,4], [7,5], [3,9]}, 0ms, valid
  PSO: {[1,7], [5,8], [3,0], [4,2], [0,3], [6,6], [7,4], [9,5], [8,8], [2,9]}, 41912ms, not valid, fitness = 1.0 (adj = 0, att = 1)

Level 205:
  Backtracking: {[2,7], [7,6], [0,8], [5,5], [1,3], [6,1], [3,4], [8,2], [9,0], [4,9]}, 1ms, valid
  PSO: {[0,5], [8,8], [1,7], [6,6], [2,3], [7,1], [4,4], [9,2], [9,0], [5,9]}, 41404ms, not valid, fitness = 1.0 (adj = 0, att = 1)

Level 206:
  Backtracking: {[1,2], [3,1], [0,5], [8,6], [2,4], [5,9], [6,3], [9,0], [7,8], [4,7]}, 0ms, valid
  PSO: {[1,3], [3,1], [0,7], [6,6], [2,5], [5,9], [8,4], [9,0], [7,8], [4,7]}, 41581ms, not valid, fitness = 1.0 (adj = 0, att = 1)

Level 207:
  Backtracking: {[6,8], [5,0], [1,1], [7,5], [0,3], [3,4], [2,6], [9,9], [8,7], [4,2]}, 1ms, valid
  PSO: {[0,9], [5,0], [1,1], [6,5], [0,3], [3,4], [2,7], [8,6], [7,8], [4,2]}, 41163ms, not valid, fitness = 1.0 (adj = 0, att = 1)

Level 208:
  Backtracking: {[1,8], [9,6], [8,3], [4,7], [0,5], [5,0], [2,2], [7,1], [6,9], [3,4]}, 1ms, valid
  PSO: {[0,7], [4,8], [9,3], [2,6], [0,5], [5,0], [1,2], [7,1], [6,9], [3,4]}, 41069ms, not valid, fitness = 1.0 (adj = 0, att = 1)

Level 209:
  Backtracking: {[2,7], [6,3], [0,5], [5,6], [4,8], [9,0], [1,9], [8,4], [7,1], [3,2]}, 0ms, valid
  PSO: {[2,7], [6,3], [0,2], [5,5], [4,8], [9,0], [1,9], [8,4], [7,1], [3,4]}, 41763ms, not valid, fitness = 1.0 (adj = 0, att = 1)

Level 210:
  Backtracking: {[4,3], [7,7], [2,2], [9,5], [0,8], [5,9], [3,0], [6,4], [8,1], [1,6]}, 0ms, valid
  PSO: {[4,5], [7,7], [2,1], [9,6], [0,8], [5,9], [3,3], [6,4], [8,0], [1,6]}, 41484ms, not valid, fitness = 1.0 (adj = 0, att = 1)

Level 211:
  Backtracking: {[3,9], [4,6], [0,5], [5,4], [2,0], [6,7], [7,3], [9,8], [8,1], [1,2]}, 1ms, valid
  PSO: {[3,5], [4,6], [2,9], [5,4], [0,0], [6,7], [7,3], [9,8], [8,1], [1,2]}, 42667ms, not valid, fitness = 1.0 (adj = 1, att = 0)

Level 212:
  Backtracking: {[2,4], [6,7], [0,6], [5,3], [3,2], [7,1], [1,9], [9,0], [8,5], [4,8]}, 0ms, valid
  PSO: {[2,5], [9,4], [0,6], [6,3], [3,1], [8,2], [1,9], [9,0], [7,7], [4,8]}, 41266ms, not valid, fitness = 1.0 (adj = 0, att = 1)

Level 213:
  Backtracking: {[1,1], [7,5], [0,3], [5,0], [3,2], [6,8], [2,6], [9,9], [8,7], [4,4]}, 0ms, valid
  PSO: {[1,1], [7,5], [0,3], [5,0], [3,2], [6,8], [2,6], [9,9], [8,7], [4,4]}, 333ms, valid

Level 214:
  Backtracking: {[1,3], [5,5], [2,7], [6,0], [0,8], [9,4], [3,1], [7,6], [8,2], [4,9]}, 1ms, valid
  PSO: {[1,5], [5,7], [2,8], [6,0], [0,8], [9,4], [3,3], [7,6], [8,2], [4,9]}, 41256ms, not valid, fitness = 1.0 (adj = 0, att = 1)

Level 215:
  Backtracking: {[1,3], [6,5], [2,1], [4,6], [3,4], [7,9], [0,7], [8,0], [9,8], [5,2]}, 0ms, valid
  PSO: {[2,3], [6,5], [4,0], [8,6], [0,1], [7,9], [3,7], [9,4], [9,8], [5,2]}, 40877ms, not valid, fitness = 1.0 (adj = 0, att = 1)

Level 216:
  Backtracking: {[1,6], [5,8], [0,4], [6,1], [2,3], [7,9], [3,0], [9,5], [8,7], [4,2]}, 1ms, valid
  PSO: {[1,7], [6,9], [5,4], [6,1], [2,3], [7,6], [3,0], [9,5], [8,8], [4,2]}, 41160ms, not valid, fitness = 1.0 (adj = 0, att = 1)

Level 217:
  Backtracking: {[2,7], [5,8], [3,1], [4,6], [1,4], [8,5], [0,2], [7,9], [6,3], [9,0]}, 0ms, valid
  PSO: {[2,9], [4,8], [3,1], [7,7], [1,6], [8,5], [0,2], [6,9], [5,4], [9,3]}, 41303ms, not valid, fitness = 1.0 (adj = 0, att = 1)

Level 218:
  Backtracking: {[1,7], [5,8], [0,9], [4,1], [2,2], [7,6], [3,4], [9,5], [8,3], [6,0]}, 0ms, valid
  PSO: {[1,7], [5,8], [0,9], [4,1], [2,2], [7,6], [3,4], [9,5], [8,3], [6,0]}, 179ms, valid

Level 219:
  Backtracking: {[4,7], [6,4], [1,1], [5,0], [0,8], [7,6], [2,9], [9,5], [8,3], [3,2]}, 0ms, valid
  PSO: {[6,9], [9,7], [2,1], [5,0], [0,4], [7,6], [1,8], [9,5], [8,3], [4,2]}, 41310ms, not valid, fitness = 1.0 (adj = 0, att = 1)

Level 220:
  Backtracking: {[8,0], [4,9], [0,1], [5,6], [1,8], [7,5], [2,4], [9,2], [6,3], [3,7]}, 1ms, valid
  PSO: {[8,1], [3,9], [1,0], [5,9], [0,8], [7,6], [2,5], [9,4], [6,3], [4,7]}, 41599ms, not valid, fitness = 1.0 (adj = 0, att = 1)

Level 221:
  Backtracking: {[3,9], [6,1], [1,5], [5,8], [0,7], [9,0], [2,2], [8,4], [7,6], [4,3]}, 0ms, valid
  PSO: {[3,9], [6,1], [1,5], [5,8], [0,7], [9,0], [2,2], [8,4], [7,6], [4,3]}, 365ms, valid

Level 222:
  Backtracking: {[4,4], [6,5], [0,9], [3,6], [1,1], [7,7], [2,3], [9,8], [5,2], [8,0]}, 0ms, valid
  PSO: {[4,4], [6,5], [0,9], [3,6], [1,1], [7,7], [2,3], [9,8], [5,2], [8,0]}, 277ms, valid

Level 223:
  Backtracking: {[0,6], [6,8], [1,2], [5,1], [2,0], [7,3], [4,4], [9,7], [8,5], [3,9]}, 0ms, valid
  PSO: {[0,6], [6,8], [1,2], [5,1], [2,0], [7,3], [4,4], [9,7], [8,5], [3,9]}, 329ms, valid

Level 224:
  Backtracking: {[0,6], [4,8], [1,1], [6,9], [9,0], [5,3], [3,2], [8,5], [7,7], [2,4]}, 1ms, valid
  PSO: {[0,6], [2,9], [1,3], [5,7], [9,1], [6,4], [3,2], [8,6], [7,8], [4,5]}, 41341ms, not valid, fitness = 1.0 (adj = 0, att = 1)

Level 225:
  Backtracking: {[1,0], [7,7], [0,2], [4,3], [2,6], [9,5], [3,1], [6,4], [8,9], [5,8]}, 1ms, valid
  PSO: {[1,0], [5,6], [0,2], [4,3], [0,8], [9,7], [3,1], [6,4], [8,9], [2,5]}, 41635ms, not valid, fitness = 1.0 (adj = 0, att = 1)

Level 226:
  Backtracking: {[1,3], [8,0], [2,1], [9,8], [0,5], [5,7], [3,6], [7,4], [6,9], [4,2]}, 0ms, valid
  PSO: {[1,3], [7,5], [0,0], [4,4], [2,8], [5,7], [3,6], [9,1], [6,9], [4,2]}, 42040ms, not valid, fitness = 1.0 (adj = 0, att = 1)

Level 227:
  Backtracking: {[0,3], [6,8], [3,4], [5,5], [1,0], [7,6], [2,2], [9,9], [8,1], [4,7]}, 1ms, valid
  PSO: {[0,3], [6,8], [3,4], [5,5], [1,0], [7,6], [2,2], [9,9], [8,1], [4,7]}, 257ms, valid

Level 228:
  Backtracking: {[2,3], [5,8], [0,2], [6,5], [1,0], [7,7], [3,6], [8,9], [9,1], [4,4]}, 0ms, valid
  PSO: {[2,3], [4,9], [0,2], [6,5], [5,1], [7,7], [3,6], [9,8], [8,0], [4,4]}, 41284ms, not valid, fitness = 1.0 (adj = 0, att = 1)

Level 229:
  Backtracking: {[1,5], [6,9], [0,1], [4,6], [2,0], [7,2], [3,8], [9,7], [8,4], [5,3]}, 0ms, valid
  PSO: {[1,5], [7,9], [0,2], [5,6], [2,0], [9,1], [3,8], [9,7], [8,4], [6,3]}, 42342ms, not valid, fitness = 1.0 (adj = 0, att = 1)

Level 230:
  Backtracking: {[1,6], [6,5], [2,0], [4,4], [0,1], [7,7], [3,9], [9,8], [8,3], [5,2]}, 0ms, valid
  PSO: {[2,2], [6,5], [1,0], [4,3], [0,6], [7,7], [3,9], [9,8], [8,4], [7,1]}, 41870ms, not valid, fitness = 1.0 (adj = 0, att = 1)

Level 231:
  Backtracking: {[2,6], [7,0], [0,3], [5,7], [1,9], [6,2], [3,8], [9,1], [8,4], [4,5]}, 0ms, valid
  PSO: {[2,6], [7,1], [0,7], [5,5], [1,9], [9,2], [4,8], [9,0], [8,4], [6,3]}, 41894ms, not valid, fitness = 1.0 (adj = 0, att = 1)

Level 232:
  Backtracking: {[3,3], [5,7], [0,8], [4,1], [1,4], [8,0], [2,9], [9,6], [7,5], [6,2]}, 0ms, valid
  PSO: {[3,6], [5,7], [0,8], [4,1], [1,4], [9,0], [2,9], [7,7], [6,5], [8,3]}, 42230ms, not valid, fitness = 1.0 (adj = 0, att = 1)

Level 233:
  Backtracking: {[1,6], [6,5], [0,8], [5,0], [2,3], [9,2], [3,1], [7,9], [8,7], [4,4]}, 1ms, valid
  PSO: {[3,7], [7,5], [0,8], [6,0], [2,3], [9,1], [4,2], [8,9], [9,6], [5,4]}, 42470ms, not valid, fitness = 1.0 (adj = 0, att = 1)

Level 234:
  Backtracking: {[0,7], [4,9], [9,0], [8,8], [1,2], [5,1], [2,5], [7,4], [6,6], [3,3]}, 0ms, valid
  PSO: {[0,8], [4,9], [9,1], [6,9], [1,2], [5,6], [2,5], [7,4], [8,7], [3,3]}, 42426ms, not valid, fitness = 1.0 (adj = 0, att = 1)

Level 235:
  Backtracking: {[0,4], [3,5], [2,2], [6,0], [1,7], [7,6], [5,8], [8,1], [9,9], [4,3]}, 0ms, valid
  PSO: {[0,4], [3,5], [2,2], [6,0], [1,7], [7,6], [5,8], [8,1], [9,9], [4,3]}, 170ms, valid

Level 236:
  Backtracking: {[1,0], [5,8], [0,7], [6,2], [3,4], [7,9], [2,6], [9,5], [8,3], [4,1]}, 0ms, valid
  PSO: {[2,0], [5,8], [1,9], [6,2], [0,5], [7,9], [3,7], [8,4], [9,1], [4,3]}, 41998ms, not valid, fitness = 1.0 (adj = 0, att = 1)

Level 237:
  Backtracking: {[0,3], [6,1], [3,5], [4,9], [1,0], [7,7], [2,2], [9,8], [8,4], [5,6]}, 0ms, valid
  PSO: {[2,3], [9,1], [3,5], [6,8], [1,0], [9,7], [4,2], [8,9], [7,4], [5,6]}, 42578ms, not valid, fitness = 1.0 (adj = 0, att = 1)

Level 238:
  Backtracking: {[2,1], [7,6], [0,2], [6,3], [1,8], [4,9], [3,7], [9,4], [8,0], [5,5]}, 0ms, valid
  PSO: {[2,1], [7,6], [0,2], [6,3], [1,8], [4,9], [3,7], [9,4], [8,0], [5,5]}, 277ms, valid

Level 239:
  Backtracking: {[5,5], [7,9], [0,1], [4,2], [1,3], [9,8], [2,0], [6,7], [8,6], [3,4]}, 0ms, valid
  PSO: {[2,5], [3,8], [0,1], [4,2], [1,3], [9,9], [7,0], [6,7], [8,6], [4,4]}, 41825ms, not valid, fitness = 1.0 (adj = 0, att = 1)

Level 240:
  Backtracking: {[3,0], [5,9], [0,4], [6,3], [1,1], [9,6], [2,7], [8,8], [7,5], [4,2]}, 0ms, valid
  PSO: {[5,0], [4,9], [0,4], [6,3], [1,1], [9,6], [3,7], [8,8], [7,5], [4,2]}, 41371ms, not valid, fitness = 1.0 (adj = 0, att = 1)

Level 241:
  Backtracking: {[1,5], [4,4], [0,8], [3,6], [6,0], [7,2], [2,3], [8,7], [9,1], [5,9]}, 0ms, valid
  PSO: {[3,5], [6,8], [1,9], [2,7], [5,1], [7,2], [0,3], [9,6], [8,0], [4,9]}, 41931ms, not valid, fitness = 1.0 (adj = 0, att = 1)

Level 242:
  Backtracking: {[2,0], [4,1], [1,2], [5,8], [0,6], [6,5], [3,3], [8,9], [7,7], [9,4]}, 0ms, valid
  PSO: {[2,0], [4,1], [1,2], [5,8], [0,6], [6,5], [3,3], [8,9], [7,7], [9,4]}, 278ms, valid

Level 243:
  Backtracking: {[1,8], [8,0], [2,5], [4,4], [0,6], [6,7], [3,1], [9,3], [7,2], [5,9]}, 0ms, valid
  PSO: {[2,9], [8,0], [1,6], [4,4], [0,8], [6,7], [5,2], [9,5], [7,3], [3,6]}, 41054ms, not valid, fitness = 1.0 (adj = 0, att = 1)

Level 244:
  Backtracking: {[0,6], [7,8], [1,2], [4,9], [2,7], [9,3], [5,1], [8,5], [6,4], [3,0]}, 0ms, valid
  PSO: {[0,6], [9,7], [1,2], [3,9], [1,8], [7,1], [4,3], [8,5], [6,4], [2,0]}, 41068ms, not valid, fitness = 1.0 (adj = 0, att = 1)

Level 245:
  Backtracking: {[1,8], [8,1], [0,6], [5,2], [3,7], [7,4], [2,3], [6,9], [9,5], [4,0]}, 0ms, valid
  PSO: {[1,9], [8,1], [0,7], [6,3], [4,5], [9,6], [3,2], [7,8], [9,4], [5,0]}, 41486ms, not valid, fitness = 1.0 (adj = 0, att = 1)

Level 246:
  Backtracking: {[0,8], [6,0], [1,2], [5,5], [2,7], [7,4], [3,3], [9,9], [8,6], [4,1]}, 1ms, valid
  PSO: {[0,9], [7,2], [1,0], [6,5], [2,7], [9,3], [3,4], [8,8], [8,6], [5,1]}, 41582ms, not valid, fitness = 1.0 (adj = 0, att = 1)

Level 247:
  Backtracking: {[4,4], [5,9], [2,8], [1,1], [0,3], [8,5], [3,6], [9,0], [6,7], [7,2]}, 1ms, valid
  PSO: {[4,4], [5,9], [1,9], [0,1], [3,8], [7,5], [2,6], [8,0], [6,7], [9,3]}, 41283ms, not valid, fitness = 1.0 (adj = 0, att = 1)

Level 248:
  Backtracking: {[3,6], [6,1], [1,0], [5,5], [0,9], [7,4], [2,8], [8,7], [9,2], [4,3]}, 0ms, valid
  PSO: {[5,7], [7,2], [1,0], [6,5], [0,9], [8,4], [3,8], [9,6], [9,1], [4,3]}, 41540ms, not valid, fitness = 1.0 (adj = 0, att = 1)

Level 249:
  Backtracking: {[3,2], [5,0], [0,4], [4,5], [1,9], [6,3], [2,7], [8,8], [9,6], [7,1]}, 0ms, valid
  PSO: {[1,3], [5,0], [2,6], [4,5], [0,8], [9,4], [3,8], [8,9], [6,7], [7,1]}, 42076ms, not valid, fitness = 1.0 (adj = 0, att = 1)

Level 250:
  Backtracking: {[3,7], [8,2], [1,0], [5,3], [2,5], [6,1], [0,6], [9,4], [7,8], [4,9]}, 0ms, valid
  PSO: {[3,7], [8,2], [2,0], [5,3], [1,5], [6,1], [0,8], [9,4], [9,6], [4,9]}, 42111ms, not valid, fitness = 1.0 (adj = 0, att = 1)

