======= 8x8 | Batch 4 =======
Level 151:
  Backtracking: {[3,6], [7,7], [4,2], [6,4], [5,0], [0,5], [1,1], [2,3]}, 0ms, valid
  PSO: {[4,7], [7,6], [0,2], [5,5], [6,1], [1,6], [2,0], [3,4]}, 34506ms, not valid, fitness = 1.0 (adj = 0, att = 1)

Level 152:
  Backtracking: {[0,4], [5,6], [6,1], [3,7], [1,2], [4,0], [7,3], [2,5]}, 0ms, valid
  PSO: {[0,1], [6,6], [5,2], [3,7], [1,4], [4,0], [7,3], [3,5]}, 34332ms, not valid, fitness = 1.0 (adj = 0, att = 1)

Level 153:
  Backtracking: {[4,6], [2,0], [1,7], [0,1], [7,3], [3,4], [6,5], [5,2]}, 0ms, valid
  PSO: {[4,6], [2,0], [1,7], [0,1], [7,3], [3,4], [6,5], [5,2]}, 149ms, valid

Level 154:
  Backtracking: {[1,6], [5,3], [2,1], [0,4], [7,2], [6,0], [3,7], [4,5]}, 0ms, valid
  PSO: {[1,6], [5,3], [2,1], [0,4], [7,2], [6,0], [3,7], [4,5]}, 139ms, valid

Level 155:
  Backtracking: {[1,5], [5,6], [2,3], [3,0], [7,4], [0,7], [4,2], [6,1]}, 0ms, valid
  PSO: {[1,5], [5,6], [2,3], [3,0], [7,4], [0,7], [4,2], [6,1]}, 145ms, valid

Level 156:
  Backtracking: {[5,4], [6,2], [4,0], [1,3], [7,6], [0,5], [2,1], [3,7]}, 0ms, valid
  PSO: {[5,4], [6,2], [4,0], [1,3], [7,6], [0,5], [2,1], [3,7]}, 152ms, valid

Level 157:
  Backtracking: {[3,4], [6,0], [5,5], [0,3], [7,2], [1,1], [2,6], [4,7]}, 0ms, valid
  PSO: {[3,4], [6,0], [5,5], [0,3], [7,2], [1,1], [2,6], [4,7]}, 131ms, valid

Level 158:
  Backtracking: {[0,2], [5,7], [3,0], [6,1], [2,4], [7,3], [4,5], [1,6]}, 0ms, valid
  PSO: {[0,2], [5,7], [3,0], [6,1], [2,4], [7,3], [4,5], [1,6]}, 208ms, valid

Level 159:
  Backtracking: {[2,2], [5,6], [1,7], [0,5], [7,3], [3,4], [6,1], [4,0]}, 0ms, valid
  PSO: {[2,2], [5,6], [1,7], [0,5], [7,3], [3,4], [6,1], [4,0]}, 224ms, valid

Level 160:
  Backtracking: {[4,6], [6,3], [5,0], [0,4], [2,5], [1,2], [7,7], [3,1]}, 0ms, valid
  PSO: {[4,6], [6,3], [5,0], [0,4], [2,5], [1,2], [7,7], [3,1]}, 223ms, valid

Level 161:
  Backtracking: {[7,4], [6,6], [3,5], [1,3], [5,2], [0,0], [4,7], [2,1]}, 0ms, valid
  PSO: {[7,4], [6,6], [3,5], [1,3], [5,2], [0,0], [4,7], [2,1]}, 160ms, valid

Level 162:
  Backtracking: {[2,5], [7,3], [3,0], [4,2], [6,7], [0,6], [1,1], [5,4]}, 0ms, valid
  PSO: {[2,5], [7,3], [3,0], [4,2], [6,7], [0,6], [1,1], [5,4]}, 146ms, valid

Level 163:
  Backtracking: {[3,4], [5,1], [7,7], [0,5], [6,3], [1,2], [4,6], [2,0]}, 1ms, valid
  PSO: {[3,4], [5,1], [7,7], [0,5], [6,3], [1,2], [4,6], [2,0]}, 253ms, valid

Level 164:
  Backtracking: {[5,4], [1,0], [4,6], [0,2], [6,7], [7,5], [2,3], [3,1]}, 0ms, valid
  PSO: {[5,4], [1,0], [4,6], [0,2], [6,7], [7,5], [2,3], [3,1]}, 214ms, valid

Level 165:
  Backtracking: {[2,6], [6,2], [5,0], [0,1], [7,5], [3,4], [4,7], [1,3]}, 0ms, valid
  PSO: {[2,6], [6,2], [5,0], [0,1], [7,5], [3,4], [4,7], [1,3]}, 147ms, valid

Level 166:
  Backtracking: {[0,7], [6,5], [3,3], [1,4], [7,1], [4,0], [2,6], [5,2]}, 0ms, valid
  PSO: {[0,7], [6,5], [3,3], [1,4], [7,1], [4,0], [2,6], [5,2]}, 226ms, valid

Level 167:
  Backtracking: {[4,0], [5,2], [1,1], [0,3], [7,6], [3,5], [6,4], [2,7]}, 0ms, valid
  PSO: {[4,0], [5,2], [1,1], [0,3], [7,6], [3,5], [6,4], [2,7]}, 131ms, valid

Level 168:
  Backtracking: {[4,4], [7,1], [5,2], [0,3], [6,6], [1,5], [2,0], [3,7]}, 0ms, valid
  PSO: {[4,4], [7,1], [5,2], [0,3], [6,6], [1,5], [2,0], [3,7]}, 130ms, valid

Level 169:
  Backtracking: {[2,2], [6,3], [5,0], [3,4], [7,6], [1,5], [0,1], [4,7]}, 0ms, valid
  PSO: {[2,2], [6,3], [5,0], [3,4], [7,6], [1,5], [0,1], [4,7]}, 222ms, valid

Level 170:
  Backtracking: {[4,6], [6,2], [5,4], [0,0], [7,5], [3,3], [1,7], [2,1]}, 0ms, valid
  PSO: {[4,6], [6,2], [5,4], [0,0], [7,5], [3,3], [1,7], [2,1]}, 137ms, valid

Level 171:
  Backtracking: {[3,2], [6,6], [5,3], [0,1], [7,4], [1,7], [4,0], [2,5]}, 1ms, valid
  PSO: {[3,2], [6,6], [5,3], [0,1], [7,4], [1,7], [4,0], [2,5]}, 134ms, valid

Level 172:
  Backtracking: {[2,3], [6,4], [4,7], [0,2], [7,6], [1,0], [3,5], [5,1]}, 0ms, valid
  PSO: {[2,3], [6,4], [4,7], [0,2], [7,6], [1,0], [3,5], [5,1]}, 160ms, valid

Level 173:
  Backtracking: {[2,5], [6,4], [5,6], [0,0], [7,7], [1,2], [3,3], [4,1]}, 0ms, valid
  PSO: {[2,5], [6,4], [5,6], [0,0], [7,7], [1,2], [3,3], [4,1]}, 222ms, valid

Level 174:
  Backtracking: {[3,4], [5,5], [2,2], [1,0], [7,6], [0,3], [6,1], [4,7]}, 0ms, valid
  PSO: {[3,4], [5,5], [2,2], [1,0], [7,6], [0,3], [6,1], [4,7]}, 206ms, valid

Level 175:
  Backtracking: {[1,3], [6,7], [5,5], [0,1], [7,4], [3,6], [2,0], [4,2]}, 0ms, valid
  PSO: {[1,3], [6,7], [5,5], [0,1], [7,4], [3,6], [2,0], [4,2]}, 229ms, valid

Level 176:
  Backtracking: {[3,2], [5,5], [0,1], [1,4], [7,6], [2,0], [6,3], [4,7]}, 0ms, valid
  PSO: {[3,2], [5,5], [0,1], [1,4], [7,6], [2,0], [6,3], [4,7]}, 220ms, valid

Level 177:
  Backtracking: {[1,5], [5,1], [0,0], [4,4], [7,3], [6,6], [3,2], [2,7]}, 0ms, valid
  PSO: {[1,5], [5,1], [0,0], [4,4], [7,3], [6,6], [3,2], [2,7]}, 149ms, valid

Level 178:
  Backtracking: {[3,0], [6,7], [4,4], [0,5], [7,1], [1,3], [2,6], [5,2]}, 0ms, valid
  PSO: {[3,0], [6,7], [4,4], [0,5], [7,1], [1,3], [2,6], [5,2]}, 202ms, valid

Level 179:
  Backtracking: {[4,2], [6,4], [5,6], [2,1], [1,5], [0,3], [7,0], [3,7]}, 0ms, valid
  PSO: {[4,2], [6,4], [5,6], [2,1], [1,5], [0,3], [7,0], [3,7]}, 147ms, valid

Level 180:
  Backtracking: {[0,2], [3,7], [5,5], [1,6], [7,3], [6,0], [2,4], [4,1]}, 0ms, valid
  PSO: {[0,2], [3,7], [5,5], [1,6], [7,3], [6,0], [2,4], [4,1]}, 147ms, valid

Level 181:
  Backtracking: {[4,1], [5,7], [1,6], [2,2], [7,4], [0,3], [6,0], [3,5]}, 0ms, valid
  PSO: {[4,1], [5,7], [1,6], [2,2], [7,4], [0,3], [6,0], [3,5]}, 248ms, valid

Level 182:
  Backtracking: {[2,6], [7,2], [5,4], [4,0], [0,5], [1,1], [6,7], [3,3]}, 0ms, valid
  PSO: {[2,6], [7,2], [5,4], [4,0], [0,5], [1,1], [6,7], [3,3]}, 150ms, valid

Level 183:
  Backtracking: {[3,3], [5,5], [6,0], [0,4], [7,6], [1,2], [2,7], [4,1]}, 0ms, valid
  PSO: {[3,3], [5,5], [6,0], [0,4], [7,6], [1,2], [2,7], [4,1]}, 142ms, valid

Level 184:
  Backtracking: {[2,2], [6,1], [5,7], [0,3], [7,5], [3,6], [1,0], [4,4]}, 1ms, valid
  PSO: {[2,2], [6,1], [5,7], [0,3], [7,5], [3,6], [1,0], [4,4]}, 216ms, valid

Level 185:
  Backtracking: {[5,7], [3,6], [1,2], [0,0], [7,3], [6,5], [2,4], [4,1]}, 0ms, valid
  PSO: {[5,7], [3,6], [1,2], [0,0], [7,3], [6,5], [2,4], [4,1]}, 230ms, valid

Level 186:
  Backtracking: {[3,2], [6,6], [5,3], [1,1], [7,4], [4,0], [2,5], [0,7]}, 0ms, valid
  PSO: {[3,2], [6,6], [5,3], [1,1], [7,4], [4,0], [2,5], [0,7]}, 144ms, valid

Level 187:
  Backtracking: {[5,1], [4,3], [1,5], [0,2], [7,6], [2,0], [6,4], [3,7]}, 0ms, valid
  PSO: {[5,1], [4,3], [1,5], [0,2], [7,6], [2,0], [6,4], [3,7]}, 151ms, valid

Level 188:
  Backtracking: {[1,3], [6,0], [4,2], [0,7], [7,5], [2,1], [5,6], [3,4]}, 0ms, valid
  PSO: {[1,3], [6,0], [4,2], [0,7], [7,5], [2,1], [5,6], [3,4]}, 137ms, valid

Level 189:
  Backtracking: {[3,3], [5,6], [2,1], [0,4], [7,5], [6,2], [1,7], [4,0]}, 0ms, valid
  PSO: {[3,3], [5,6], [2,1], [0,4], [7,5], [6,2], [1,7], [4,0]}, 149ms, valid

Level 190:
  Backtracking: {[3,6], [6,5], [4,1], [0,2], [7,7], [1,0], [2,4], [5,3]}, 0ms, valid
  PSO: {[3,6], [6,5], [4,1], [0,2], [7,7], [1,0], [2,4], [5,3]}, 140ms, valid

Level 191:
  Backtracking: {[2,2], [4,5], [6,6], [1,0], [7,4], [0,3], [5,1], [3,7]}, 0ms, valid
  PSO: {[2,2], [4,5], [6,6], [1,0], [7,4], [0,3], [5,1], [3,7]}, 249ms, valid

Level 192:
  Backtracking: {[3,5], [5,7], [6,4], [0,2], [7,6], [1,0], [2,3], [4,1]}, 0ms, valid
  PSO: {[3,5], [5,7], [6,4], [0,2], [7,6], [1,0], [2,3], [4,1]}, 159ms, valid

Level 193:
  Backtracking: {[3,1], [7,5], [5,6], [2,3], [6,2], [4,4], [1,0], [0,7]}, 0ms, valid
  PSO: {[3,1], [7,5], [5,6], [2,3], [6,2], [4,4], [1,0], [0,7]}, 146ms, valid

Level 194:
  Backtracking: {[3,5], [4,3], [0,6], [2,1], [7,0], [1,4], [6,2], [5,7]}, 0ms, valid
  PSO: {[3,5], [4,3], [0,6], [2,1], [7,0], [1,4], [6,2], [5,7]}, 133ms, valid

Level 195:
  Backtracking: {[3,2], [5,3], [6,1], [0,5], [7,6], [4,0], [1,7], [2,4]}, 0ms, valid
  PSO: {[3,2], [5,3], [6,1], [0,5], [7,6], [4,0], [1,7], [2,4]}, 127ms, valid

Level 196:
  Backtracking: {[2,3], [4,4], [7,0], [0,5], [5,2], [3,1], [1,7], [6,6]}, 14ms, valid
  PSO: {[2,3], [4,4], [7,0], [0,5], [5,2], [3,1], [1,7], [6,6]}, 204ms, valid

Level 197:
  Backtracking: {[2,4], [6,5], [7,3], [0,1], [5,2], [4,0], [1,7], [3,6]}, 0ms, valid
  PSO: {[2,4], [6,5], [7,3], [0,1], [5,2], [4,0], [1,7], [3,6]}, 150ms, valid

Level 198:
  Backtracking: {[6,2], [5,5], [2,7], [1,1], [7,4], [0,6], [3,0], [4,3]}, 0ms, valid
  PSO: {[6,2], [5,5], [2,7], [1,1], [7,4], [0,6], [3,0], [4,3]}, 231ms, valid

Level 199:
  Backtracking: {[2,5], [5,3], [6,1], [0,2], [7,4], [1,7], [3,0], [4,6]}, 0ms, valid
  PSO: {[2,5], [5,3], [6,1], [0,2], [7,4], [1,7], [3,0], [4,6]}, 132ms, valid

Level 200:
  Backtracking: {[3,7], [7,2], [5,1], [2,0], [1,6], [0,4], [6,5], [4,3]}, 0ms, valid
  PSO: {[3,7], [7,2], [5,1], [2,0], [1,6], [0,4], [6,5], [4,3]}, 232ms, valid

