======= 11x11 | Batch 2 =======
Level 51:
  Backtracking: {[3,8], [10,7], [6,3], [2,6], [5,1], [0,5], [9,10], [8,2], [7,9], [1,0], [4,4]}, 0ms, valid
  PSO: {[5,8], [10,7], [6,3], [3,6], [8,0], [1,5], [9,10], [9,2], [7,9], [0,1], [4,4]}, 45809ms, not valid, fitness = 1.0 (adj = 0, att = 1)

Level 52:
  Backtracking: {[3,0], [10,1], [5,4], [1,5], [7,2], [9,6], [6,8], [4,7], [0,3], [8,9], [2,10]}, 0ms, valid
  PSO: {[3,0], [10,1], [5,6], [1,5], [7,2], [9,7], [6,10], [0,8], [4,3], [8,9], [2,10]}, 46214ms, not valid, fitness = 1.0 (adj = 0, att = 1)

Level 53:
  Backtracking: {[10,8], [8,6], [2,0], [1,7], [4,5], [9,3], [3,2], [7,4], [0,10], [5,1], [6,9]}, 2ms, valid
  PSO: {[10,7], [7,6], [5,0], [3,9], [4,5], [9,4], [1,4], [6,3], [0,1], [2,2], [8,8]}, 46459ms, not valid, fitness = 1.0 (adj = 0, att = 1)

Level 54:
  Backtracking: {[7,8], [10,4], [5,0], [2,7], [6,2], [1,10], [9,1], [8,5], [4,9], [0,6], [3,3]}, 3ms, valid
  PSO: {[5,4], [10,3], [7,0], [3,7], [6,2], [1,8], [8,2], [9,5], [4,9], [0,6], [2,1]}, 46507ms, not valid, fitness = 1.0 (adj = 0, att = 1)

Level 55:
  Backtracking: {[2,4], [9,3], [4,2], [10,0], [8,7], [0,9], [6,8], [3,6], [1,1], [5,5], [7,10]}, 0ms, valid
  PSO: {[2,4], [9,3], [4,2], [10,0], [8,7], [0,9], [6,8], [3,6], [1,1], [5,5], [7,10]}, 293ms, valid

Level 56:
  Backtracking: {[5,2], [10,8], [7,3], [3,1], [4,4], [0,9], [2,6], [9,10], [8,5], [1,0], [6,7]}, 0ms, valid
  PSO: {[5,2], [8,9], [7,3], [3,1], [4,4], [0,10], [2,8], [10,10], [9,6], [1,5], [6,7]}, 46631ms, not valid, fitness = 1.0 (adj = 0, att = 1)

Level 57:
  Backtracking: {[3,9], [10,8], [7,2], [0,10], [6,4], [1,5], [9,6], [8,0], [5,7], [2,1], [4,3]}, 0ms, valid
  PSO: {[3,9], [10,10], [7,5], [1,10], [5,4], [0,8], [9,6], [8,0], [4,7], [2,1], [6,2]}, 47259ms, not valid, fitness = 1.0 (adj = 0, att = 1)

Level 58:
  Backtracking: {[5,9], [10,5], [6,4], [2,8], [7,2], [0,7], [9,3], [8,6], [4,0], [1,1], [3,10]}, 0ms, valid
  PSO: {[5,9], [10,5], [6,4], [2,8], [7,2], [5,7], [9,3], [8,6], [4,0], [0,1], [3,10]}, 46990ms, not valid, fitness = 1.0 (adj = 0, att = 1)

Level 59:
  Backtracking: {[4,9], [10,8], [6,4], [2,5], [5,1], [1,3], [9,0], [8,10], [7,2], [0,6], [3,7]}, 0ms, valid
  PSO: {[7,9], [8,7], [6,5], [3,8], [5,1], [0,2], [10,0], [9,10], [9,3], [2,10], [4,6]}, 46316ms, not valid, fitness = 2.0 (adj = 0, att = 2)

Level 60:
  Backtracking: {[4,8], [9,7], [7,0], [5,10], [3,1], [2,6], [8,3], [10,4], [6,2], [1,9], [0,5]}, 0ms, valid
  PSO: {[4,8], [9,7], [7,0], [5,10], [3,1], [2,5], [8,3], [10,4], [6,2], [0,9], [7,6]}, 46785ms, not valid, fitness = 1.0 (adj = 0, att = 1)

Level 61:
  Backtracking: {[3,2], [10,7], [7,4], [1,6], [4,10], [0,8], [9,3], [8,1], [5,5], [6,0], [2,9]}, 0ms, valid
  PSO: {[3,2], [10,7], [7,4], [1,6], [4,10], [0,8], [9,3], [8,1], [5,5], [6,0], [2,9]}, 299ms, valid

Level 62:
  Backtracking: {[3,4], [10,5], [5,9], [2,10], [4,7], [1,3], [9,1], [8,6], [7,0], [0,8], [6,2]}, 1ms, valid
  PSO: {[5,4], [10,5], [5,9], [2,10], [4,7], [3,3], [9,1], [8,6], [7,0], [0,8], [6,2]}, 47039ms, not valid, fitness = 1.0 (adj = 0, att = 1)

Level 63:
  Backtracking: {[3,0], [9,10], [7,1], [1,2], [4,4], [0,9], [10,8], [8,7], [6,3], [2,5], [5,6]}, 1ms, valid
  PSO: {[3,0], [9,10], [10,1], [1,2], [4,4], [0,9], [10,8], [8,7], [7,3], [2,5], [5,6]}, 48698ms, not valid, fitness = 1.0 (adj = 0, att = 1)

Level 64:
  Backtracking: {[3,1], [10,7], [5,0], [2,5], [6,8], [0,6], [9,2], [8,4], [7,10], [1,3], [4,9]}, 0ms, valid
  PSO: {[3,1], [10,7], [5,0], [2,8], [6,8], [1,6], [9,2], [8,5], [7,10], [0,3], [4,9]}, 47743ms, not valid, fitness = 1.0 (adj = 0, att = 1)

Level 65:
  Backtracking: {[2,5], [10,9], [5,7], [7,10], [6,1], [0,6], [9,0], [8,8], [4,4], [1,3], [3,2]}, 0ms, valid
  PSO: {[2,5], [10,9], [3,7], [6,10], [9,2], [0,6], [7,0], [8,8], [4,4], [1,3], [2,1]}, 46637ms, not valid, fitness = 1.0 (adj = 0, att = 1)

Level 66:
  Backtracking: {[3,0], [7,6], [5,9], [4,3], [8,2], [0,10], [10,7], [9,5], [6,4], [1,1], [2,8]}, 0ms, valid
  PSO: {[2,0], [7,6], [3,7], [4,3], [10,1], [0,10], [8,9], [9,5], [6,4], [0,2], [1,8]}, 46294ms, not valid, fitness = 1.0 (adj = 0, att = 1)

Level 67:
  Backtracking: {[4,7], [9,10], [5,9], [0,4], [3,0], [1,6], [10,2], [7,3], [2,8], [8,1], [6,5]}, 0ms, valid
  PSO: {[4,7], [9,10], [5,9], [0,5], [3,0], [1,10], [10,2], [8,6], [2,8], [7,1], [6,4]}, 46805ms, not valid, fitness = 1.0 (adj = 0, att = 1)

Level 68:
  Backtracking: {[3,10], [10,4], [9,9], [2,8], [4,3], [5,1], [8,7], [6,6], [7,0], [0,2], [1,5]}, 1ms, valid
  PSO: {[3,10], [10,4], [9,9], [2,8], [4,3], [5,1], [8,7], [6,6], [7,0], [0,2], [1,5]}, 319ms, valid

Level 69:
  Backtracking: {[2,2], [10,5], [5,10], [1,4], [8,9], [0,7], [9,3], [3,6], [4,1], [6,8], [7,0]}, 0ms, valid
  PSO: {[2,3], [10,5], [5,10], [5,7], [8,9], [0,4], [9,2], [3,6], [4,1], [1,8], [6,0]}, 46630ms, not valid, fitness = 1.0 (adj = 0, att = 1)

Level 70:
  Backtracking: {[2,7], [10,2], [8,5], [7,1], [3,10], [1,4], [5,8], [6,6], [9,0], [0,9], [4,3]}, 0ms, valid
  PSO: {[2,8], [10,5], [8,7], [7,2], [3,10], [1,4], [5,8], [6,6], [9,0], [0,9], [4,3]}, 46725ms, not valid, fitness = 1.0 (adj = 0, att = 1)

Level 71:
  Backtracking: {[2,5], [7,3], [8,1], [1,10], [4,2], [0,8], [9,9], [6,6], [10,4], [3,7], [5,0]}, 0ms, valid
  PSO: {[2,5], [7,4], [8,0], [1,10], [5,3], [0,8], [9,9], [6,6], [10,7], [4,6], [3,1]}, 46488ms, not valid, fitness = 1.0 (adj = 0, att = 1)

Level 72:
  Backtracking: {[6,4], [10,8], [4,9], [2,5], [5,7], [1,0], [8,1], [9,6], [7,10], [0,3], [3,2]}, 1ms, valid
  PSO: {[6,4], [10,9], [3,10], [2,5], [5,7], [1,0], [8,1], [9,6], [7,10], [0,3], [4,2]}, 46073ms, not valid, fitness = 1.0 (adj = 0, att = 1)

Level 73:
  Backtracking: {[3,6], [7,5], [5,4], [1,2], [4,1], [2,10], [10,7], [9,9], [6,0], [0,8], [8,3]}, 0ms, valid
  PSO: {[6,8], [7,6], [5,4], [3,5], [4,1], [1,10], [10,7], [9,9], [2,0], [0,8], [8,3]}, 46429ms, not valid, fitness = 1.0 (adj = 0, att = 1)

Level 74:
  Backtracking: {[4,4], [10,3], [7,1], [1,0], [5,10], [2,5], [8,9], [9,7], [6,8], [0,6], [3,2]}, 1ms, valid
  PSO: {[4,4], [10,3], [7,1], [2,0], [5,10], [0,2], [8,9], [9,7], [6,8], [1,6], [3,2]}, 46530ms, not valid, fitness = 1.0 (adj = 0, att = 1)

Level 75:
  Backtracking: {[3,7], [10,0], [6,8], [2,4], [4,1], [1,2], [9,9], [7,10], [5,6], [8,3], [0,5]}, 0ms, valid
  PSO: {[2,9], [10,0], [4,7], [5,4], [3,1], [0,2], [9,9], [7,10], [6,6], [8,3], [1,5]}, 47214ms, not valid, fitness = 1.0 (adj = 0, att = 1)

Level 76:
  Backtracking: {[3,4], [10,7], [4,0], [2,6], [5,2], [6,8], [7,10], [8,5], [1,9], [0,1], [9,3]}, 1ms, valid
  PSO: {[3,4], [10,7], [4,0], [2,6], [5,2], [6,8], [9,9], [8,5], [1,10], [0,1], [8,3]}, 47204ms, not valid, fitness = 1.0 (adj = 0, att = 1)

Level 77:
  Backtracking: {[4,1], [9,3], [8,10], [0,4], [5,8], [1,2], [7,5], [10,6], [6,0], [3,9], [2,7]}, 1ms, valid
  PSO: {[3,1], [9,3], [10,9], [0,4], [6,8], [1,2], [8,5], [10,6], [7,0], [2,10], [4,7]}, 48245ms, not valid, fitness = 1.0 (adj = 0, att = 1)

Level 78:
  Backtracking: {[4,8], [9,7], [7,5], [3,6], [5,2], [1,1], [6,0], [2,9], [8,3], [0,10], [10,4]}, 1ms, valid
  PSO: {[4,8], [9,7], [7,5], [3,6], [5,2], [1,1], [6,0], [2,9], [8,3], [0,10], [10,4]}, 386ms, valid

Level 79:
  Backtracking: {[4,1], [7,4], [6,2], [2,6], [5,5], [1,0], [8,10], [9,3], [10,8], [0,7], [3,9]}, 0ms, valid
  PSO: {[5,0], [7,4], [6,2], [0,5], [9,7], [3,1], [8,10], [10,3], [10,9], [1,8], [4,6]}, 47062ms, not valid, fitness = 1.0 (adj = 0, att = 1)

Level 80:
  Backtracking: {[3,8], [10,0], [6,7], [1,1], [9,2], [4,10], [8,6], [7,9], [5,4], [0,3], [2,5]}, 0ms, valid
  PSO: {[5,9], [8,0], [6,7], [2,1], [4,4], [3,10], [10,8], [7,9], [9,5], [0,3], [1,6]}, 47242ms, not valid, fitness = 1.0 (adj = 0, att = 1)

Level 81:
  Backtracking: {[9,10], [10,3], [5,7], [1,8], [4,2], [3,0], [6,4], [8,1], [7,9], [0,5], [2,6]}, 0ms, valid
  PSO: {[9,10], [10,7], [5,8], [1,9], [3,3], [4,1], [6,4], [8,2], [7,9], [0,5], [2,6]}, 47201ms, not valid, fitness = 1.0 (adj = 0, att = 1)

Level 82:
  Backtracking: {[3,4], [10,9], [5,2], [1,3], [6,7], [2,10], [9,1], [7,0], [8,5], [0,6], [4,8]}, 0ms, valid
  PSO: {[3,4], [10,9], [7,1], [1,3], [6,7], [2,10], [9,2], [9,0], [8,5], [0,6], [4,8]}, 47774ms, not valid, fitness = 1.0 (adj = 0, att = 1)

Level 83:
  Backtracking: {[2,7], [6,4], [8,0], [3,10], [4,8], [1,5], [10,3], [7,2], [9,9], [0,1], [5,6]}, 1ms, valid
  PSO: {[2,7], [6,5], [9,1], [3,10], [5,9], [0,8], [10,4], [7,3], [8,10], [1,2], [4,6]}, 47913ms, not valid, fitness = 1.0 (adj = 0, att = 1)

Level 84:
  Backtracking: {[4,9], [9,10], [6,6], [3,1], [5,3], [0,7], [8,4], [7,2], [10,5], [1,0], [2,8]}, 1ms, valid
  PSO: {[4,9], [8,10], [5,6], [3,2], [6,3], [7,7], [8,4], [9,1], [10,5], [0,0], [2,8]}, 47639ms, not valid, fitness = 1.0 (adj = 0, att = 1)

Level 85:
  Backtracking: {[3,4], [10,8], [6,6], [1,5], [7,10], [4,1], [9,3], [8,7], [5,9], [0,0], [2,2]}, 0ms, valid
  PSO: {[3,5], [10,9], [6,6], [0,7], [7,10], [4,1], [9,3], [8,8], [5,9], [1,4], [2,2]}, 46679ms, not valid, fitness = 1.0 (adj = 0, att = 1)

Level 86:
  Backtracking: {[4,0], [10,9], [7,10], [2,7], [5,3], [9,1], [1,4], [0,6], [6,5], [3,2], [8,8]}, 1ms, valid
  PSO: {[4,2], [10,9], [7,10], [3,9], [5,7], [9,1], [2,4], [1,6], [6,5], [0,3], [8,8]}, 46639ms, not valid, fitness = 1.0 (adj = 0, att = 1)

Level 87:
  Backtracking: {[4,4], [10,10], [5,9], [2,3], [8,5], [0,2], [9,8], [7,7], [6,1], [1,0], [3,6]}, 0ms, valid
  PSO: {[4,5], [10,10], [5,9], [2,3], [8,6], [0,2], [9,8], [7,8], [6,4], [1,0], [3,7]}, 46257ms, not valid, fitness = 1.0 (adj = 0, att = 1)

Level 88:
  Backtracking: {[4,8], [10,5], [3,6], [1,0], [7,4], [0,10], [9,3], [8,1], [6,7], [2,9], [5,2]}, 0ms, valid
  PSO: {[6,9], [10,5], [3,6], [4,0], [7,4], [1,10], [9,3], [8,1], [8,7], [2,8], [5,2]}, 46489ms, not valid, fitness = 1.0 (adj = 0, att = 1)

Level 89:
  Backtracking: {[7,1], [10,2], [4,10], [2,6], [3,4], [5,7], [8,8], [6,9], [0,5], [1,3], [9,0]}, 1ms, valid
  PSO: {[0,2], [10,5], [4,10], [2,6], [3,3], [8,7], [9,10], [6,9], [1,8], [5,4], [7,0]}, 46405ms, not valid, fitness = 1.0 (adj = 0, att = 1)

Level 90:
  Backtracking: {[3,3], [10,9], [4,1], [2,5], [8,2], [1,0], [9,7], [6,8], [5,10], [0,4], [7,6]}, 0ms, valid
  PSO: {[3,4], [10,9], [4,1], [2,8], [8,2], [0,0], [9,5], [5,7], [5,10], [1,3], [7,6]}, 46512ms, not valid, fitness = 1.0 (adj = 0, att = 1)

Level 91:
  Backtracking: {[6,8], [8,4], [4,7], [9,1], [2,2], [7,6], [1,5], [10,3], [5,10], [0,9], [3,0]}, 0ms, valid
  PSO: {[8,10], [9,4], [4,7], [10,2], [5,5], [7,8], [1,6], [6,3], [3,10], [0,9], [2,0]}, 46982ms, not valid, fitness = 1.0 (adj = 0, att = 1)

Level 92:
  Backtracking: {[9,9], [10,3], [6,1], [1,10], [5,5], [2,8], [8,2], [4,0], [7,4], [0,7], [3,6]}, 0ms, valid
  PSO: {[9,9], [9,4], [7,1], [2,10], [5,3], [3,7], [10,2], [4,0], [8,6], [0,5], [6,8]}, 46699ms, not valid, fitness = 1.0 (adj = 0, att = 1)

Level 93:
  Backtracking: {[2,5], [5,8], [7,4], [3,7], [6,2], [0,6], [8,1], [9,9], [10,0], [1,3], [4,10]}, 1ms, valid
  PSO: {[3,5], [5,8], [6,6], [1,9], [9,3], [0,4], [8,1], [7,10], [10,0], [2,2], [4,10]}, 47212ms, not valid, fitness = 1.0 (adj = 0, att = 1)

Level 94:
  Backtracking: {[2,6], [10,2], [7,9], [1,10], [6,0], [3,3], [9,4], [8,1], [4,7], [0,8], [5,5]}, 0ms, valid
  PSO: {[2,6], [10,2], [6,9], [1,10], [7,7], [3,3], [9,4], [8,1], [4,7], [0,8], [5,5]}, 46815ms, not valid, fitness = 1.0 (adj = 0, att = 1)

Level 95:
  Backtracking: {[3,8], [9,6], [7,9], [1,5], [5,7], [0,3], [10,1], [6,4], [2,0], [8,2], [4,10]}, 0ms, valid
  PSO: {[3,4], [8,6], [10,9], [1,5], [5,7], [2,7], [9,0], [7,3], [0,2], [6,1], [4,10]}, 47200ms, not valid, fitness = 1.0 (adj = 0, att = 1)

Level 96:
  Backtracking: {[6,1], [8,8], [4,0], [2,5], [3,3], [0,7], [9,6], [7,10], [10,4], [1,2], [5,9]}, 0ms, valid
  PSO: {[3,1], [10,9], [5,0], [1,4], [4,3], [0,7], [8,6], [7,10], [6,5], [0,2], [2,8]}, 46522ms, not valid, fitness = 1.0 (adj = 0, att = 1)

Level 97:
  Backtracking: {[4,8], [10,10], [9,5], [2,3], [6,7], [0,4], [7,2], [5,0], [8,9], [1,1], [3,6]}, 0ms, valid
  PSO: {[4,8], [10,10], [9,6], [2,3], [6,7], [1,5], [8,4], [5,0], [7,9], [0,2], [3,6]}, 47331ms, not valid, fitness = 1.0 (adj = 0, att = 1)

Level 98:
  Backtracking: {[3,0], [10,6], [8,7], [5,2], [4,8], [1,5], [2,9], [6,4], [7,1], [0,3], [9,10]}, 0ms, valid
  PSO: {[3,0], [10,6], [8,7], [5,2], [4,8], [1,5], [2,9], [6,4], [7,1], [0,3], [9,10]}, 429ms, valid

Level 99:
  Backtracking: {[5,8], [9,5], [7,9], [2,0], [3,2], [1,6], [8,7], [10,3], [4,10], [0,1], [6,4]}, 0ms, valid
  PSO: {[1,8], [9,5], [6,7], [2,0], [3,2], [1,6], [8,9], [10,3], [4,10], [0,1], [5,4]}, 47922ms, not valid, fitness = 1.0 (adj = 0, att = 1)

Level 100:
  Backtracking: {[3,9], [10,7], [7,2], [4,3], [6,6], [0,8], [9,1], [8,4], [5,0], [1,10], [2,5]}, 0ms, valid
  PSO: {[6,9], [10,7], [9,5], [2,2], [7,6], [0,8], [10,0], [8,3], [5,1], [1,10], [4,4]}, 47482ms, not valid, fitness = 1.0 (adj = 0, att = 1)

