======= 8x8 | Batch 1 =======
Level 1:
  Backtracking: {[2,2], [5,5], [6,1], [1,0], [7,6], [3,4], [0,3], [4,7]}, 0ms, valid
  PSO: {[2,2], [5,5], [6,1], [1,0], [7,6], [3,4], [0,3], [4,7]}, 160ms, valid

Level 2:
  Backtracking: {[7,2], [4,3], [1,4], [0,7], [5,0], [2,6], [6,5], [3,1]}, 0ms, valid
  PSO: {[7,2], [4,3], [1,4], [0,7], [5,0], [2,6], [6,5], [3,1]}, 142ms, valid

Level 3:
  Backtracking: {[4,7], [2,5], [1,1], [6,2], [0,4], [5,0], [7,6], [3,3]}, 0ms, valid
  PSO: {[4,7], [2,5], [1,1], [6,2], [0,4], [5,0], [7,6], [3,3]}, 139ms, valid

Level 4:
  Backtracking: {[4,4], [2,3], [3,6], [7,0], [1,1], [6,5], [0,7], [5,2]}, 1ms, valid
  PSO: {[4,4], [2,3], [3,6], [7,0], [1,1], [6,5], [0,7], [5,2]}, 146ms, valid

Level 5:
  Backtracking: {[5,2], [4,5], [1,4], [7,1], [0,6], [2,0], [6,7], [3,3]}, 0ms, valid
  PSO: {[5,2], [4,5], [1,4], [7,1], [0,6], [2,0], [6,7], [3,3]}, 233ms, valid

Level 6:
  Backtracking: {[4,5], [2,7], [7,4], [5,2], [1,1], [6,6], [0,3], [3,0]}, 0ms, valid
  PSO: {[4,5], [2,7], [7,4], [5,2], [1,1], [6,6], [0,3], [3,0]}, 162ms, valid

Level 7:
  Backtracking: {[5,5], [1,4], [2,2], [0,6], [3,0], [7,1], [6,7], [4,3]}, 1ms, valid
  PSO: {[5,5], [1,4], [2,2], [0,6], [3,0], [7,1], [6,7], [4,3]}, 153ms, valid

Level 8:
  Backtracking: {[1,1], [7,2], [2,7], [5,3], [3,4], [4,0], [6,5], [0,6]}, 0ms, valid
  PSO: {[1,1], [7,2], [2,7], [5,3], [3,4], [4,0], [6,5], [0,6]}, 161ms, valid

Level 9:
  Backtracking: {[4,5], [7,0], [2,4], [6,6], [0,3], [1,7], [3,2], [5,1]}, 0ms, valid
  PSO: {[4,5], [7,0], [2,4], [6,6], [0,3], [1,7], [3,2], [5,1]}, 151ms, valid

Level 10:
  Backtracking: {[1,7], [5,4], [0,0], [2,1], [7,3], [6,6], [3,5], [4,2]}, 0ms, valid
  PSO: {[1,7], [5,4], [0,0], [2,1], [7,3], [6,6], [3,5], [4,2]}, 218ms, valid

Level 11:
  Backtracking: {[5,4], [3,0], [0,3], [7,6], [1,5], [2,7], [6,1], [4,2]}, 0ms, valid
  PSO: {[5,4], [3,0], [0,3], [7,6], [1,5], [2,7], [6,1], [4,2]}, 142ms, valid

Level 12:
  Backtracking: {[4,4], [2,6], [0,3], [7,1], [3,2], [6,5], [1,0], [5,7]}, 1ms, valid
  PSO: {[4,4], [2,6], [0,3], [7,1], [3,2], [6,5], [1,0], [5,7]}, 216ms, valid

Level 13:
  Backtracking: {[5,2], [6,6], [2,5], [1,1], [7,0], [0,4], [4,7], [3,3]}, 0ms, valid
  PSO: {[5,2], [6,6], [2,5], [1,1], [7,0], [0,4], [4,7], [3,3]}, 142ms, valid

Level 14:
  Backtracking: {[0,4], [3,2], [2,0], [5,3], [1,7], [6,1], [7,6], [4,5]}, 0ms, valid
  PSO: {[0,4], [3,2], [2,0], [5,3], [1,7], [6,1], [7,6], [4,5]}, 147ms, valid

Level 15:
  Backtracking: {[5,5], [3,4], [2,6], [7,1], [0,0], [1,2], [6,3], [4,7]}, 0ms, valid
  PSO: {[5,5], [3,4], [2,6], [7,1], [0,0], [1,2], [6,3], [4,7]}, 167ms, valid

Level 16:
  Backtracking: {[6,1], [7,6], [4,5], [3,7], [0,0], [1,2], [5,3], [2,4]}, 0ms, valid
  PSO: {[6,1], [7,6], [4,5], [3,7], [0,0], [1,2], [5,3], [2,4]}, 160ms, valid

Level 17:
  Backtracking: {[4,6], [6,5], [0,2], [2,4], [3,1], [7,7], [1,0], [5,3]}, 0ms, valid
  PSO: {[4,3], [7,4], [0,2], [2,1], [3,6], [7,7], [1,5], [6,0]}, 34018ms, not valid, fitness = 1.0 (adj = 0, att = 1)

Level 18:
  Backtracking: {[0,0], [6,1], [7,7], [1,3], [3,2], [2,5], [5,6], [4,4]}, 0ms, valid
  PSO: {[0,0], [6,1], [7,7], [1,3], [3,2], [2,5], [5,6], [4,4]}, 207ms, valid

Level 19:
  Backtracking: {[6,0], [7,2], [3,4], [2,6], [5,5], [4,1], [0,7], [1,3]}, 0ms, valid
  PSO: {[6,0], [7,2], [3,4], [2,6], [5,5], [4,1], [0,7], [1,3]}, 214ms, valid

Level 20:
  Backtracking: {[0,0], [2,1], [7,7], [4,6], [5,2], [1,5], [6,4], [3,3]}, 0ms, valid
  PSO: {[0,0], [2,1], [7,7], [4,6], [5,2], [1,5], [6,4], [3,3]}, 147ms, valid

Level 21:
  Backtracking: {[3,5], [6,3], [7,0], [1,4], [4,7], [0,6], [2,2], [5,1]}, 1ms, valid
  PSO: {[3,5], [6,3], [7,0], [1,4], [4,7], [0,6], [2,2], [5,1]}, 236ms, valid

Level 22:
  Backtracking: {[5,7], [7,3], [3,5], [6,1], [1,6], [4,2], [2,0], [0,4]}, 1ms, valid
  PSO: {[5,7], [7,3], [3,5], [6,1], [1,6], [4,2], [2,0], [0,4]}, 148ms, valid

Level 23:
  Backtracking: {[2,4], [7,3], [6,0], [0,1], [3,7], [5,2], [1,6], [4,5]}, 0ms, valid
  PSO: {[2,4], [7,3], [6,0], [0,1], [3,7], [5,2], [1,6], [4,5]}, 226ms, valid

Level 24:
  Backtracking: {[2,6], [4,2], [5,0], [3,4], [7,5], [0,7], [1,1], [6,3]}, 0ms, valid
  PSO: {[2,6], [4,2], [5,0], [3,4], [7,5], [0,7], [1,1], [6,3]}, 145ms, valid

Level 25:
  Backtracking: {[4,6], [7,3], [6,5], [0,2], [3,0], [1,4], [5,1], [2,7]}, 0ms, valid
  PSO: {[4,6], [7,3], [6,5], [0,2], [3,0], [1,4], [5,1], [2,7]}, 131ms, valid

Level 26:
  Backtracking: {[4,7], [6,6], [7,0], [1,1], [3,3], [5,2], [0,4], [2,5]}, 0ms, valid
  PSO: {[4,7], [6,6], [7,0], [1,1], [3,3], [5,2], [0,4], [2,5]}, 147ms, valid

Level 27:
  Backtracking: {[2,3], [7,1], [3,5], [0,2], [5,4], [4,7], [1,0], [6,6]}, 0ms, valid
  PSO: {[2,3], [7,1], [3,5], [0,2], [5,4], [4,7], [1,0], [6,6]}, 150ms, valid

Level 28:
  Backtracking: {[6,7], [5,2], [3,4], [1,3], [7,1], [0,5], [4,0], [2,6]}, 0ms, valid
  PSO: {[6,7], [5,2], [3,4], [1,3], [7,1], [0,5], [4,0], [2,6]}, 238ms, valid

Level 29:
  Backtracking: {[3,2], [6,1], [5,7], [4,4], [7,3], [0,6], [1,0], [2,5]}, 0ms, valid
  PSO: {[3,2], [6,1], [5,7], [4,4], [7,3], [0,6], [1,0], [2,5]}, 148ms, valid

Level 30:
  Backtracking: {[3,3], [4,1], [5,4], [0,7], [6,6], [1,2], [7,0], [2,5]}, 0ms, valid
  PSO: {[3,3], [4,1], [5,4], [0,7], [6,6], [1,2], [7,0], [2,5]}, 236ms, valid

Level 31:
  Backtracking: {[4,4], [5,6], [3,1], [0,0], [7,5], [1,2], [6,3], [2,7]}, 0ms, valid
  PSO: {[4,4], [5,6], [3,1], [0,0], [7,5], [1,2], [6,3], [2,7]}, 152ms, valid

Level 32:
  Backtracking: {[3,0], [1,5], [2,7], [5,6], [4,2], [0,3], [6,1], [7,4]}, 0ms, valid
  PSO: {[3,0], [1,5], [2,7], [5,6], [4,2], [0,3], [6,1], [7,4]}, 138ms, valid

Level 33:
  Backtracking: {[5,3], [6,5], [4,1], [0,7], [2,6], [1,2], [7,0], [3,4]}, 1ms, valid
  PSO: {[5,3], [6,5], [4,1], [0,7], [2,6], [1,2], [7,0], [3,4]}, 136ms, valid

Level 34:
  Backtracking: {[4,4], [6,1], [0,5], [5,6], [7,3], [1,0], [2,7], [3,2]}, 0ms, valid
  PSO: {[4,4], [6,1], [0,5], [5,6], [7,3], [1,0], [2,7], [3,2]}, 121ms, valid

Level 35:
  Backtracking: {[3,0], [4,4], [0,3], [5,2], [6,5], [7,7], [1,1], [2,6]}, 1ms, valid
  PSO: {[3,0], [4,4], [0,3], [5,2], [6,5], [7,7], [1,1], [2,6]}, 213ms, valid

Level 36:
  Backtracking: {[4,3], [6,5], [1,4], [7,7], [5,0], [3,6], [0,2], [2,1]}, 0ms, valid
  PSO: {[4,3], [6,5], [1,4], [7,7], [5,0], [3,6], [0,2], [2,1]}, 133ms, valid

Level 37:
  Backtracking: {[2,5], [5,2], [7,0], [6,4], [0,7], [4,6], [1,1], [3,3]}, 0ms, valid
  PSO: {[2,5], [5,2], [7,0], [6,4], [0,7], [4,6], [1,1], [3,3]}, 164ms, valid

Level 38:
  Backtracking: {[4,1], [5,5], [2,7], [7,6], [0,4], [1,2], [6,0], [3,3]}, 0ms, valid
  PSO: {[4,1], [5,5], [2,7], [7,6], [0,4], [1,2], [6,0], [3,3]}, 129ms, valid

Level 39:
  Backtracking: {[3,3], [4,5], [2,7], [7,4], [6,0], [1,1], [5,2], [0,6]}, 0ms, valid
  PSO: {[3,3], [4,5], [2,7], [7,4], [6,0], [1,1], [5,2], [0,6]}, 140ms, valid

Level 40:
  Backtracking: {[0,4], [6,7], [2,1], [5,2], [7,3], [1,6], [4,0], [3,5]}, 0ms, valid
  PSO: {[0,4], [6,7], [2,1], [5,2], [7,3], [1,6], [4,0], [3,5]}, 162ms, valid

Level 41:
  Backtracking: {[2,4], [5,5], [0,2], [7,6], [6,0], [1,7], [3,1], [4,3]}, 0ms, valid
  PSO: {[2,4], [5,5], [0,2], [7,6], [6,0], [1,7], [3,1], [4,3]}, 139ms, valid

Level 42:
  Backtracking: {[2,1], [3,4], [1,3], [6,5], [7,7], [4,6], [0,0], [5,2]}, 1ms, valid
  PSO: {[2,1], [3,4], [1,3], [6,5], [7,7], [4,6], [0,0], [5,2]}, 218ms, valid

Level 43:
  Backtracking: {[3,4], [4,6], [5,3], [6,5], [7,1], [0,7], [1,2], [2,0]}, 0ms, valid
  PSO: {[3,4], [4,6], [5,3], [6,5], [7,1], [0,7], [1,2], [2,0]}, 152ms, valid

Level 44:
  Backtracking: {[2,2], [3,5], [1,4], [6,6], [5,1], [7,0], [4,3], [0,7]}, 0ms, valid
  PSO: {[2,2], [3,5], [1,4], [6,6], [5,1], [7,0], [4,3], [0,7]}, 151ms, valid

Level 45:
  Backtracking: {[3,0], [5,2], [1,5], [7,3], [2,7], [6,6], [0,1], [4,4]}, 1ms, valid
  PSO: {[3,0], [5,2], [1,5], [7,3], [2,7], [6,6], [0,1], [4,4]}, 158ms, valid

Level 46:
  Backtracking: {[3,3], [5,2], [1,4], [7,7], [2,6], [6,0], [0,1], [4,5]}, 0ms, valid
  PSO: {[3,3], [5,2], [1,4], [7,7], [2,6], [6,0], [0,1], [4,5]}, 230ms, valid

Level 47:
  Backtracking: {[2,6], [5,5], [3,4], [7,7], [6,0], [0,3], [4,2], [1,1]}, 0ms, valid
  PSO: {[2,6], [5,5], [3,4], [7,7], [6,0], [0,3], [4,2], [1,1]}, 133ms, valid

Level 48:
  Backtracking: {[2,5], [3,2], [7,7], [4,6], [1,3], [5,4], [0,0], [6,1]}, 0ms, valid
  PSO: {[2,5], [3,2], [7,7], [4,6], [1,3], [5,4], [0,0], [6,1]}, 222ms, valid

Level 49:
  Backtracking: {[2,7], [3,4], [5,5], [7,6], [6,2], [0,1], [1,3], [4,0]}, 0ms, valid
  PSO: {[2,7], [3,4], [5,5], [7,6], [6,2], [0,1], [1,3], [4,0]}, 136ms, valid

Level 50:
  Backtracking: {[5,0], [3,1], [2,3], [7,7], [1,6], [6,4], [0,2], [4,5]}, 0ms, valid
  PSO: {[5,0], [3,1], [2,3], [7,7], [1,6], [6,4], [0,2], [4,5]}, 142ms, valid

