======= 9x9 | Batch 2 =======
Level 51:
  Backtracking: {[3,2], [6,3], [7,6], [4,0], [0,5], [5,8], [1,1], [2,7], [8,4]}, 0ms, valid
  PSO: {[3,2], [6,3], [7,6], [4,0], [0,5], [5,8], [1,1], [2,7], [8,4]}, 329ms, valid

Level 52:
  Backtracking: {[1,5], [4,6], [0,8], [7,2], [5,3], [2,1], [6,7], [8,0], [3,4]}, 1ms, valid
  PSO: {[1,5], [4,6], [0,8], [7,2], [5,3], [2,1], [6,7], [8,0], [3,4]}, 231ms, valid

Level 53:
  Backtracking: {[2,2], [4,4], [1,7], [0,0], [5,1], [6,5], [3,6], [8,8], [7,3]}, 1ms, valid
  PSO: {[1,2], [4,7], [3,3], [0,0], [5,1], [6,4], [2,6], [7,8], [8,0]}, 37751ms, not valid, fitness = 1.0 (adj = 0, att = 1)

Level 54:
  Backtracking: {[3,6], [4,3], [2,2], [6,0], [1,4], [0,8], [7,7], [5,5], [8,1]}, 0ms, valid
  PSO: {[3,6], [5,1], [2,2], [8,0], [1,4], [0,8], [7,7], [6,5], [4,4]}, 37736ms, not valid, fitness = 1.0 (adj = 0, att = 1)

Level 55:
  Backtracking: {[8,2], [7,0], [0,8], [1,6], [5,1], [6,3], [2,4], [4,5], [3,7]}, 1ms, valid
  PSO: {[8,2], [7,0], [0,8], [1,6], [5,1], [6,3], [2,4], [4,5], [3,7]}, 321ms, valid

Level 56:
  Backtracking: {[8,1], [4,8], [3,2], [1,4], [5,5], [6,3], [2,6], [7,7], [0,0]}, 1ms, valid
  PSO: {[8,1], [3,8], [1,2], [1,4], [7,5], [6,3], [2,6], [5,7], [0,0]}, 37881ms, not valid, fitness = 1.0 (adj = 0, att = 1)

Level 57:
  Backtracking: {[3,4], [4,7], [1,0], [2,6], [8,1], [6,8], [0,5], [7,3], [5,2]}, 0ms, valid
  PSO: {[3,4], [8,7], [7,1], [2,6], [5,0], [6,8], [0,5], [8,3], [4,2]}, 37567ms, not valid, fitness = 1.0 (adj = 0, att = 1)

Level 58:
  Backtracking: {[4,3], [8,7], [1,4], [5,0], [2,1], [6,8], [7,5], [0,2], [3,6]}, 0ms, valid
  PSO: {[3,2], [6,6], [2,4], [8,3], [5,1], [7,8], [8,5], [1,0], [4,7]}, 37820ms, not valid, fitness = 1.0 (adj = 0, att = 1)

Level 59:
  Backtracking: {[1,7], [4,6], [2,5], [8,8], [5,3], [6,0], [0,4], [7,2], [3,1]}, 1ms, valid
  PSO: {[1,7], [4,5], [2,3], [7,6], [5,2], [6,0], [0,4], [8,0], [3,1]}, 37769ms, not valid, fitness = 1.0 (adj = 0, att = 1)

Level 60:
  Backtracking: {[2,0], [7,1], [0,3], [5,4], [6,6], [1,7], [3,5], [8,8], [4,2]}, 0ms, valid
  PSO: {[2,0], [7,1], [0,3], [5,4], [6,6], [1,7], [3,5], [8,8], [4,2]}, 237ms, valid

Level 61:
  Backtracking: {[1,5], [4,6], [0,7], [7,4], [5,0], [8,8], [3,1], [6,2], [2,3]}, 0ms, valid
  PSO: {[1,5], [4,6], [0,7], [7,4], [5,0], [8,8], [3,1], [6,2], [2,3]}, 250ms, valid

Level 62:
  Backtracking: {[3,6], [2,3], [0,0], [7,1], [8,8], [1,5], [4,4], [6,7], [5,2]}, 1ms, valid
  PSO: {[5,7], [3,2], [1,0], [8,1], [8,8], [2,6], [4,4], [7,5], [6,3]}, 37547ms, not valid, fitness = 1.0 (adj = 0, att = 1)

Level 63:
  Backtracking: {[3,0], [5,7], [8,6], [6,4], [7,1], [0,8], [4,2], [1,5], [2,3]}, 0ms, valid
  PSO: {[1,0], [5,7], [8,6], [7,3], [5,2], [2,8], [3,1], [0,4], [4,5]}, 37982ms, not valid, fitness = 1.0 (adj = 0, att = 1)

Level 64:
  Backtracking: {[1,3], [7,4], [0,8], [5,1], [6,6], [8,0], [2,7], [4,5], [3,2]}, 1ms, valid
  PSO: {[1,3], [7,4], [0,8], [5,1], [6,6], [8,0], [2,7], [4,5], [3,2]}, 269ms, valid

Level 65:
  Backtracking: {[1,2], [3,4], [0,6], [7,1], [6,8], [2,7], [8,5], [4,0], [5,3]}, 0ms, valid
  PSO: {[1,4], [4,3], [0,6], [7,1], [6,8], [3,8], [8,7], [2,0], [5,5]}, 38627ms, not valid, fitness = 1.0 (adj = 0, att = 1)

Level 66:
  Backtracking: {[3,0], [5,1], [4,8], [0,4], [1,7], [2,5], [6,3], [7,6], [8,2]}, 0ms, valid
  PSO: {[3,0], [5,1], [3,8], [0,4], [4,5], [2,6], [6,3], [7,7], [8,2]}, 37693ms, not valid, fitness = 1.0 (adj = 0, att = 1)

Level 67:
  Backtracking: {[2,2], [3,6], [0,3], [7,8], [6,1], [1,5], [4,0], [8,4], [5,7]}, 0ms, valid
  PSO: {[2,2], [3,6], [0,3], [7,8], [6,1], [1,5], [4,0], [8,4], [5,7]}, 142ms, valid

Level 68:
  Backtracking: {[4,2], [3,4], [6,0], [1,1], [2,6], [7,3], [0,5], [8,8], [5,7]}, 0ms, valid
  PSO: {[4,2], [3,4], [6,0], [1,1], [2,6], [7,3], [0,5], [8,8], [5,7]}, 224ms, valid

Level 69:
  Backtracking: {[1,5], [4,4], [0,2], [6,8], [7,3], [2,0], [5,1], [8,7], [3,6]}, 0ms, valid
  PSO: {[1,5], [4,4], [0,2], [6,8], [7,3], [2,0], [5,1], [8,7], [3,6]}, 244ms, valid

Level 70:
  Backtracking: {[3,8], [4,3], [1,2], [5,7], [2,6], [0,4], [6,1], [8,0], [7,5]}, 0ms, valid
  PSO: {[3,8], [4,3], [1,2], [5,7], [2,6], [0,4], [6,1], [8,0], [7,5]}, 312ms, valid

Level 71:
  Backtracking: {[3,2], [1,7], [0,0], [5,6], [4,4], [2,5], [6,3], [8,8], [7,1]}, 0ms, valid
  PSO: {[3,2], [1,7], [0,0], [5,6], [4,4], [2,5], [6,3], [8,8], [7,1]}, 161ms, valid

Level 72:
  Backtracking: {[0,6], [7,2], [5,1], [1,3], [3,5], [2,0], [8,4], [6,8], [4,7]}, 0ms, valid
  PSO: {[6,5], [7,2], [5,1], [1,3], [2,6], [0,0], [8,4], [8,8], [4,7]}, 37670ms, not valid, fitness = 1.0 (adj = 0, att = 1)

Level 73:
  Backtracking: {[8,8], [4,5], [2,1], [6,7], [5,2], [7,4], [0,0], [3,3], [1,6]}, 0ms, valid
  PSO: {[8,8], [4,5], [2,1], [6,7], [5,2], [7,4], [0,0], [3,3], [1,6]}, 262ms, valid

Level 74:
  Backtracking: {[1,0], [4,3], [0,4], [7,1], [5,5], [6,8], [2,2], [3,6], [8,7]}, 0ms, valid
  PSO: {[1,0], [4,0], [0,3], [7,4], [5,5], [6,8], [2,2], [3,6], [8,7]}, 38340ms, not valid, fitness = 1.0 (adj = 0, att = 1)

Level 75:
  Backtracking: {[8,1], [6,6], [1,7], [4,5], [7,4], [5,2], [0,0], [2,3], [3,8]}, 0ms, valid
  PSO: {[7,8], [6,6], [1,7], [5,4], [6,1], [4,2], [8,0], [2,3], [3,5]}, 38147ms, not valid, fitness = 1.0 (adj = 0, att = 1)

Level 76:
  Backtracking: {[7,5], [1,4], [0,1], [3,2], [5,3], [6,8], [4,0], [8,7], [2,6]}, 1ms, valid
  PSO: {[7,5], [1,4], [0,1], [3,2], [5,3], [6,8], [4,0], [8,7], [2,6]}, 158ms, valid

Level 77:
  Backtracking: {[2,3], [4,2], [0,4], [7,5], [6,8], [1,0], [5,6], [8,1], [3,7]}, 1ms, valid
  PSO: {[2,3], [4,2], [0,4], [7,5], [6,8], [1,0], [5,6], [8,1], [3,7]}, 182ms, valid

Level 78:
  Backtracking: {[3,8], [0,3], [5,7], [7,6], [4,4], [1,5], [8,0], [6,1], [2,2]}, 0ms, valid
  PSO: {[3,8], [0,3], [5,7], [7,6], [4,4], [1,5], [8,0], [6,1], [2,2]}, 217ms, valid

Level 79:
  Backtracking: {[7,3], [4,7], [6,1], [1,5], [5,4], [8,6], [0,0], [2,8], [3,2]}, 0ms, valid
  PSO: {[7,3], [4,7], [6,1], [1,5], [5,4], [8,6], [0,0], [2,8], [3,2]}, 264ms, valid

Level 80:
  Backtracking: {[3,4], [2,2], [0,7], [7,5], [5,8], [6,1], [4,6], [1,0], [8,3]}, 0ms, valid
  PSO: {[3,4], [2,2], [0,7], [7,5], [5,8], [6,1], [4,6], [1,0], [8,3]}, 144ms, valid

Level 81:
  Backtracking: {[6,3], [2,7], [0,8], [8,0], [4,2], [7,5], [1,1], [3,4], [5,6]}, 1ms, valid
  PSO: {[6,3], [2,7], [0,8], [8,0], [4,2], [7,5], [1,1], [3,4], [5,6]}, 273ms, valid

Level 82:
  Backtracking: {[0,7], [6,4], [1,1], [2,5], [5,2], [4,6], [8,3], [3,8], [7,0]}, 0ms, valid
  PSO: {[0,7], [6,4], [1,1], [2,5], [5,2], [4,6], [8,3], [3,8], [7,0]}, 241ms, valid

Level 83:
  Backtracking: {[5,0], [7,5], [1,8], [4,6], [6,7], [8,2], [3,1], [0,4], [2,3]}, 0ms, valid
  PSO: {[5,0], [7,5], [1,8], [4,6], [6,7], [8,2], [3,1], [0,4], [2,3]}, 245ms, valid

Level 84:
  Backtracking: {[8,8], [1,2], [0,4], [6,3], [4,7], [3,5], [2,0], [7,6], [5,1]}, 1ms, valid
  PSO: {[8,8], [1,2], [0,4], [6,3], [4,7], [3,5], [2,0], [7,6], [5,1]}, 245ms, valid

Level 85:
  Backtracking: {[3,1], [1,2], [0,5], [4,8], [7,4], [6,6], [5,3], [8,0], [2,7]}, 0ms, valid
  PSO: {[3,1], [1,2], [0,5], [4,8], [5,4], [6,6], [7,2], [8,0], [2,7]}, 38027ms, not valid, fitness = 1.0 (adj = 0, att = 1)

Level 86:
  Backtracking: {[8,3], [1,4], [6,0], [5,6], [3,5], [0,1], [2,2], [4,8], [7,7]}, 1ms, valid
  PSO: {[8,3], [1,4], [6,0], [5,6], [3,5], [0,1], [2,2], [4,8], [7,7]}, 244ms, valid

Level 87:
  Backtracking: {[3,2], [6,7], [0,8], [8,1], [5,4], [7,3], [4,6], [1,0], [2,5]}, 1ms, valid
  PSO: {[3,2], [6,7], [0,8], [8,1], [5,4], [7,3], [4,6], [1,0], [2,5]}, 242ms, valid

Level 88:
  Backtracking: {[7,0], [3,4], [1,6], [5,5], [4,7], [2,8], [6,3], [0,1], [8,2]}, 0ms, valid
  PSO: {[7,0], [2,4], [1,7], [5,6], [8,8], [3,8], [4,3], [0,1], [6,2]}, 37985ms, not valid, fitness = 1.0 (adj = 0, att = 1)

Level 89:
  Backtracking: {[7,1], [1,5], [0,3], [8,6], [6,8], [4,7], [5,0], [2,2], [3,4]}, 0ms, valid
  PSO: {[8,2], [1,1], [0,3], [8,6], [7,8], [4,7], [6,0], [3,5], [5,4]}, 37858ms, not valid, fitness = 1.0 (adj = 0, att = 1)

Level 90:
  Backtracking: {[3,0], [4,2], [0,7], [7,8], [6,4], [2,3], [8,5], [1,1], [5,6]}, 0ms, valid
  PSO: {[3,0], [4,2], [0,7], [7,8], [6,4], [2,3], [8,5], [1,1], [5,6]}, 158ms, valid

Level 91:
  Backtracking: {[3,4], [8,2], [0,1], [5,8], [4,6], [7,7], [2,0], [1,3], [6,5]}, 1ms, valid
  PSO: {[3,4], [8,2], [0,1], [5,8], [4,6], [7,7], [2,0], [1,3], [6,5]}, 151ms, valid

Level 92:
  Backtracking: {[7,1], [0,6], [1,0], [6,4], [3,5], [2,7], [4,2], [5,8], [8,3]}, 0ms, valid
  PSO: {[7,1], [0,6], [1,0], [6,4], [3,5], [2,7], [4,2], [5,8], [8,3]}, 241ms, valid

Level 93:
  Backtracking: {[3,4], [4,7], [7,6], [5,5], [8,1], [2,0], [1,8], [0,3], [6,2]}, 1ms, valid
  PSO: {[2,3], [4,6], [3,8], [5,4], [8,0], [0,2], [1,7], [1,5], [6,1]}, 37461ms, not valid, fitness = 1.0 (adj = 0, att = 1)

Level 94:
  Backtracking: {[2,4], [7,7], [0,8], [5,3], [4,6], [6,5], [8,0], [1,1], [3,2]}, 0ms, valid
  PSO: {[2,4], [7,7], [0,8], [5,3], [4,6], [6,5], [8,0], [1,1], [3,2]}, 165ms, valid

Level 95:
  Backtracking: {[1,5], [6,6], [5,4], [7,3], [8,0], [3,1], [2,7], [0,2], [4,8]}, 0ms, valid
  PSO: {[1,5], [6,6], [5,4], [7,3], [8,0], [3,1], [2,7], [0,2], [4,8]}, 264ms, valid

Level 96:
  Backtracking: {[4,1], [2,5], [5,3], [1,8], [6,6], [3,7], [0,2], [8,0], [7,4]}, 0ms, valid
  PSO: {[4,2], [3,5], [8,8], [0,5], [6,6], [2,7], [1,3], [7,0], [5,4]}, 37801ms, not valid, fitness = 1.0 (adj = 0, att = 1)

Level 97:
  Backtracking: {[3,8], [1,2], [0,0], [2,6], [6,7], [8,5], [4,4], [7,3], [5,1]}, 0ms, valid
  PSO: {[3,8], [1,2], [0,0], [2,6], [6,7], [8,5], [4,4], [7,3], [5,1]}, 345ms, valid

Level 98:
  Backtracking: {[2,4], [5,5], [1,8], [6,7], [0,1], [3,0], [4,3], [7,2], [8,6]}, 0ms, valid
  PSO: {[2,4], [6,2], [0,6], [7,7], [1,0], [8,1], [4,3], [8,5], [3,8]}, 38305ms, not valid, fitness = 1.0 (adj = 0, att = 1)

Level 99:
  Backtracking: {[1,5], [3,6], [0,2], [5,7], [4,3], [2,8], [8,0], [6,1], [7,4]}, 0ms, valid
  PSO: {[3,4], [2,6], [1,2], [4,8], [5,5], [0,7], [8,0], [6,1], [7,4]}, 37577ms, not valid, fitness = 1.0 (adj = 0, att = 1)

Level 100:
  Backtracking: {[1,1], [4,2], [8,0], [3,7], [2,3], [5,6], [7,8], [0,5], [6,4]}, 0ms, valid
  PSO: {[1,1], [4,2], [8,0], [3,7], [2,3], [5,6], [7,8], [0,5], [6,4]}, 151ms, valid

