======= 10x10 | Batch 3 =======
Level 101:
  Backtracking: {[8,9], [0,8], [9,0], [3,7], [1,1], [4,2], [2,5], [7,3], [5,4], [6,6]}, 0ms, valid
  PSO: {[7,9], [1,8], [9,1], [3,7], [0,4], [4,2], [2,5], [8,5], [6,3], [5,6]}, 41822ms, not valid, fitness = 1.0 (adj = 0, att = 1)

Level 102:
  Backtracking: {[2,1], [7,2], [0,4], [6,7], [1,9], [5,5], [3,8], [8,0], [9,6], [4,3]}, 13ms, valid
  PSO: {[2,3], [5,0], [0,6], [6,9], [1,8], [7,5], [3,8], [9,1], [8,7], [4,4]}, 41576ms, not valid, fitness = 1.0 (adj = 0, att = 1)

Level 103:
  Backtracking: {[4,2], [6,6], [0,4], [3,7], [1,8], [8,5], [2,3], [5,0], [7,9], [9,1]}, 1ms, valid
  PSO: {[2,0], [7,7], [0,4], [4,8], [1,9], [9,6], [3,5], [8,1], [6,9], [5,3]}, 41195ms, not valid, fitness = 1.0 (adj = 0, att = 1)

Level 104:
  Backtracking: {[3,5], [4,7], [0,1], [6,8], [8,6], [9,3], [2,0], [7,4], [5,2], [1,9]}, 1ms, valid
  PSO: {[6,5], [4,4], [1,1], [2,9], [9,6], [8,1], [3,0], [7,3], [5,2], [0,8]}, 41426ms, not valid, fitness = 1.0 (adj = 0, att = 1)

Level 105:
  Backtracking: {[1,8], [5,6], [0,1], [9,5], [2,2], [7,7], [3,0], [8,3], [6,9], [4,4]}, 1ms, valid
  PSO: {[1,8], [5,6], [0,1], [9,5], [2,2], [7,7], [3,0], [8,3], [6,9], [4,4]}, 272ms, valid

Level 106:
  Backtracking: {[2,5], [5,9], [0,0], [3,8], [4,1], [7,2], [1,7], [9,3], [8,6], [6,4]}, 0ms, valid
  PSO: {[2,5], [5,9], [0,0], [3,8], [4,1], [7,2], [1,7], [9,3], [8,6], [6,4]}, 165ms, valid

Level 107:
  Backtracking: {[3,9], [6,7], [0,8], [4,5], [2,6], [7,4], [5,3], [9,2], [8,0], [1,1]}, 0ms, valid
  PSO: {[2,9], [6,7], [0,8], [3,5], [4,9], [7,3], [5,4], [9,2], [8,0], [1,1]}, 41455ms, not valid, fitness = 1.0 (adj = 0, att = 1)

Level 108:
  Backtracking: {[2,2], [3,8], [0,7], [6,3], [1,9], [9,0], [5,5], [7,6], [8,4], [4,1]}, 0ms, valid
  PSO: {[2,2], [4,8], [0,7], [6,5], [1,9], [9,0], [3,4], [9,6], [8,3], [5,1]}, 41432ms, not valid, fitness = 1.0 (adj = 0, att = 1)

Level 109:
  Backtracking: {[3,9], [6,3], [1,8], [4,4], [0,0], [9,5], [2,6], [8,2], [7,7], [5,1]}, 1ms, valid
  PSO: {[1,9], [6,3], [0,4], [4,5], [3,0], [9,5], [2,6], [8,2], [7,7], [5,1]}, 41665ms, not valid, fitness = 1.0 (adj = 0, att = 1)

Level 110:
  Backtracking: {[1,1], [6,6], [0,4], [5,9], [2,5], [7,8], [3,3], [8,2], [9,0], [4,7]}, 0ms, valid
  PSO: {[1,1], [6,6], [0,5], [3,9], [2,4], [7,8], [4,3], [8,2], [9,0], [4,7]}, 41647ms, not valid, fitness = 1.0 (adj = 0, att = 1)

Level 111:
  Backtracking: {[4,8], [5,5], [0,3], [2,0], [1,7], [7,2], [3,6], [9,1], [8,4], [6,9]}, 0ms, valid
  PSO: {[4,8], [5,5], [0,3], [2,0], [1,7], [7,2], [3,6], [9,1], [8,4], [6,9]}, 372ms, valid

Level 112:
  Backtracking: {[2,7], [7,8], [1,2], [6,5], [0,6], [4,3], [3,9], [9,0], [8,4], [5,1]}, 0ms, valid
  PSO: {[3,7], [8,8], [2,2], [7,5], [0,6], [6,3], [4,9], [9,0], [9,4], [5,1]}, 41248ms, not valid, fitness = 1.0 (adj = 0, att = 1)

Level 113:
  Backtracking: {[1,5], [7,9], [0,1], [6,7], [2,3], [8,6], [3,8], [9,4], [5,0], [4,2]}, 0ms, valid
  PSO: {[5,9], [8,8], [0,0], [6,7], [2,4], [8,5], [3,6], [9,1], [7,2], [4,3]}, 41331ms, not valid, fitness = 1.0 (adj = 0, att = 1)

Level 114:
  Backtracking: {[0,3], [7,5], [4,4], [2,0], [1,6], [5,2], [3,9], [8,8], [9,1], [6,7]}, 0ms, valid
  PSO: {[0,3], [7,5], [4,4], [7,0], [1,6], [5,2], [3,9], [8,8], [9,1], [6,7]}, 41703ms, not valid, fitness = 1.0 (adj = 0, att = 1)

Level 115:
  Backtracking: {[2,4], [7,9], [1,0], [6,2], [0,6], [9,8], [4,7], [3,1], [8,3], [5,5]}, 0ms, valid
  PSO: {[2,4], [7,9], [1,0], [6,2], [0,6], [9,8], [4,7], [3,1], [8,3], [5,5]}, 281ms, valid

Level 116:
  Backtracking: {[2,6], [4,5], [1,8], [3,3], [0,1], [6,2], [5,7], [8,0], [7,9], [9,4]}, 1ms, valid
  PSO: {[2,6], [4,5], [1,8], [3,3], [0,1], [6,2], [5,7], [8,0], [7,9], [9,4]}, 264ms, valid

Level 117:
  Backtracking: {[0,1], [7,4], [1,3], [4,7], [2,8], [6,6], [3,5], [9,0], [8,2], [5,9]}, 0ms, valid
  PSO: {[1,0], [6,4], [0,6], [4,7], [2,8], [7,7], [3,5], [9,1], [8,3], [5,9]}, 41879ms, not valid, fitness = 1.0 (adj = 0, att = 1)

Level 118:
  Backtracking: {[2,5], [5,4], [4,0], [9,1], [0,2], [7,6], [1,7], [8,8], [6,9], [3,3]}, 0ms, valid
  PSO: {[2,5], [5,4], [7,1], [4,9], [0,2], [9,6], [1,7], [8,8], [6,9], [3,3]}, 42160ms, not valid, fitness = 1.0 (adj = 0, att = 1)

Level 119:
  Backtracking: {[1,9], [5,5], [0,2], [4,0], [2,6], [7,7], [6,3], [9,1], [8,4], [3,8]}, 0ms, valid
  PSO: {[2,8], [5,5], [0,2], [4,0], [1,6], [7,7], [6,3], [9,1], [8,4], [3,9]}, 41665ms, not valid, fitness = 1.0 (adj = 1, att = 0)

Level 120:
  Backtracking: {[1,3], [7,4], [2,0], [5,8], [0,5], [8,6], [3,7], [9,9], [6,2], [4,1]}, 0ms, valid
  PSO: {[1,3], [7,4], [2,0], [5,8], [0,5], [8,6], [3,7], [9,9], [6,2], [4,1]}, 394ms, valid

Level 121:
  Backtracking: {[3,9], [6,1], [1,8], [4,2], [0,6], [8,3], [5,7], [9,0], [7,5], [2,4]}, 0ms, valid
  PSO: {[3,9], [6,1], [1,8], [4,2], [0,6], [8,3], [5,7], [9,0], [7,5], [2,4]}, 271ms, valid

Level 122:
  Backtracking: {[3,7], [5,8], [2,3], [7,4], [0,6], [6,1], [1,0], [9,9], [8,2], [4,5]}, 1ms, valid
  PSO: {[3,7], [5,8], [2,3], [7,4], [0,6], [6,1], [1,0], [9,9], [8,2], [4,5]}, 250ms, valid

Level 123:
  Backtracking: {[7,0], [4,1], [0,6], [5,3], [9,9], [3,8], [1,2], [8,4], [6,7], [2,5]}, 0ms, valid
  PSO: {[6,0], [4,1], [0,4], [7,2], [5,9], [3,8], [1,1], [9,3], [8,6], [2,5]}, 42315ms, not valid, fitness = 1.0 (adj = 0, att = 1)

Level 124:
  Backtracking: {[2,0], [6,5], [0,1], [5,7], [1,9], [9,8], [3,2], [8,6], [7,3], [4,4]}, 0ms, valid
  PSO: {[0,0], [5,5], [2,2], [4,7], [3,9], [7,8], [6,3], [8,6], [9,4], [1,8]}, 41501ms, not valid, fitness = 1.0 (adj = 0, att = 1)

Level 125:
  Backtracking: {[1,3], [4,8], [0,5], [6,9], [3,2], [7,1], [2,7], [9,0], [8,6], [5,4]}, 0ms, valid
  PSO: {[1,3], [6,8], [0,5], [5,2], [3,2], [7,1], [2,7], [9,0], [8,6], [4,4]}, 41602ms, not valid, fitness = 1.0 (adj = 0, att = 1)

Level 126:
  Backtracking: {[2,9], [7,4], [0,0], [5,3], [1,2], [6,7], [3,1], [9,8], [8,6], [4,5]}, 1ms, valid
  PSO: {[0,7], [9,5], [2,0], [5,4], [1,3], [6,6], [3,2], [7,9], [8,7], [4,8]}, 41807ms, not valid, fitness = 1.0 (adj = 0, att = 1)

Level 127:
  Backtracking: {[3,4], [8,5], [0,7], [5,8], [1,3], [6,6], [4,0], [7,2], [9,1], [2,9]}, 1ms, valid
  PSO: {[5,4], [8,5], [0,7], [9,9], [2,3], [6,6], [4,0], [7,2], [9,1], [3,8]}, 41371ms, not valid, fitness = 1.0 (adj = 0, att = 1)

Level 128:
  Backtracking: {[2,0], [5,9], [0,6], [6,2], [1,4], [7,8], [3,7], [9,1], [8,5], [4,3]}, 0ms, valid
  PSO: {[4,0], [6,9], [1,6], [5,2], [2,4], [8,8], [3,7], [9,1], [8,3], [7,5]}, 41426ms, not valid, fitness = 1.0 (adj = 0, att = 1)

Level 129:
  Backtracking: {[2,3], [9,0], [0,5], [1,1], [5,9], [7,4], [3,8], [8,6], [6,7], [4,2]}, 3ms, valid
  PSO: {[2,4], [8,0], [0,2], [4,3], [1,6], [5,5], [3,8], [7,9], [6,7], [4,1]}, 41682ms, not valid, fitness = 1.0 (adj = 0, att = 1)

Level 130:
  Backtracking: {[3,4], [6,9], [0,8], [5,2], [1,6], [7,7], [4,0], [9,5], [8,3], [2,1]}, 0ms, valid
  PSO: {[3,4], [7,9], [0,8], [6,3], [5,7], [7,6], [4,0], [9,5], [8,2], [2,1]}, 41487ms, not valid, fitness = 1.0 (adj = 0, att = 1)

Level 131:
  Backtracking: {[5,0], [3,3], [0,6], [6,2], [1,9], [7,4], [4,8], [9,5], [8,1], [2,7]}, 0ms, valid
  PSO: {[3,0], [6,8], [0,6], [5,3], [1,9], [7,4], [4,9], [9,5], [8,1], [2,7]}, 41963ms, not valid, fitness = 1.0 (adj = 0, att = 1)

Level 132:
  Backtracking: {[0,6], [6,7], [1,0], [5,4], [3,2], [7,1], [2,5], [8,8], [9,3], [4,9]}, 0ms, valid
  PSO: {[0,6], [6,7], [1,0], [5,4], [3,2], [7,1], [2,5], [8,8], [9,3], [4,9]}, 271ms, valid

Level 133:
  Backtracking: {[7,8], [4,7], [0,3], [5,5], [1,0], [6,1], [2,4], [8,6], [9,9], [3,2]}, 0ms, valid
  PSO: {[7,8], [4,7], [0,1], [5,5], [2,0], [8,3], [3,4], [8,6], [9,9], [6,2]}, 42028ms, not valid, fitness = 1.0 (adj = 0, att = 1)

Level 134:
  Backtracking: {[2,8], [6,5], [0,7], [5,3], [1,0], [7,2], [4,1], [8,9], [9,6], [3,4]}, 0ms, valid
  PSO: {[2,9], [6,5], [0,8], [5,3], [1,0], [7,2], [4,1], [8,9], [9,6], [3,4]}, 41156ms, not valid, fitness = 1.0 (adj = 0, att = 1)

Level 135:
  Backtracking: {[2,4], [9,5], [5,0], [0,6], [3,2], [6,3], [4,7], [8,1], [7,8], [1,9]}, 1ms, valid
  PSO: {[2,4], [5,1], [0,1], [7,5], [3,2], [6,3], [4,7], [9,0], [8,8], [1,9]}, 41363ms, not valid, fitness = 1.0 (adj = 0, att = 1)

Level 136:
  Backtracking: {[2,7], [5,4], [1,2], [6,1], [0,8], [7,5], [4,6], [9,9], [8,0], [3,3]}, 0ms, valid
  PSO: {[2,7], [5,4], [1,2], [6,1], [0,8], [7,5], [4,6], [9,9], [8,0], [3,3]}, 273ms, valid

Level 137:
  Backtracking: {[3,1], [8,5], [1,2], [5,6], [0,9], [7,7], [2,4], [9,8], [6,0], [4,3]}, 0ms, valid
  PSO: {[1,1], [8,5], [4,9], [5,6], [0,7], [7,7], [2,4], [9,8], [6,0], [3,2]}, 41972ms, not valid, fitness = 1.0 (adj = 0, att = 1)

Level 138:
  Backtracking: {[1,8], [5,2], [4,5], [2,1], [0,6], [8,3], [6,4], [9,7], [7,0], [3,9]}, 0ms, valid
  PSO: {[1,7], [5,2], [4,5], [2,1], [0,9], [9,3], [6,4], [8,8], [7,0], [3,8]}, 41946ms, not valid, fitness = 1.0 (adj = 0, att = 1)

Level 139:
  Backtracking: {[5,1], [2,9], [0,0], [4,6], [1,2], [8,5], [3,4], [9,8], [7,7], [6,3]}, 0ms, valid
  PSO: {[5,2], [2,9], [0,1], [4,6], [1,3], [8,5], [3,4], [9,8], [7,7], [6,4]}, 42108ms, not valid, fitness = 1.0 (adj = 0, att = 1)

Level 140:
  Backtracking: {[3,2], [7,3], [6,6], [2,0], [1,8], [8,5], [5,4], [0,1], [9,7], [4,9]}, 0ms, valid
  PSO: {[3,5], [7,3], [6,7], [2,0], [0,8], [9,6], [5,4], [1,2], [8,9], [4,9]}, 41901ms, not valid, fitness = 1.0 (adj = 0, att = 1)

Level 141:
  Backtracking: {[2,4], [6,0], [1,6], [5,5], [0,8], [7,2], [3,1], [8,9], [9,7], [4,3]}, 1ms, valid
  PSO: {[1,2], [6,0], [2,6], [5,5], [0,7], [9,2], [3,1], [8,9], [7,4], [4,3]}, 42661ms, not valid, fitness = 1.0 (adj = 0, att = 1)

Level 142:
  Backtracking: {[2,0], [6,5], [0,6], [4,1], [1,3], [7,7], [3,9], [8,4], [9,2], [5,8]}, 1ms, valid
  PSO: {[3,1], [6,5], [4,6], [5,2], [1,3], [8,7], [2,8], [9,4], [7,0], [5,9]}, 42267ms, not valid, fitness = 1.0 (adj = 0, att = 1)

Level 143:
  Backtracking: {[1,9], [8,6], [6,7], [3,5], [0,4], [4,8], [5,2], [9,0], [7,1], [2,3]}, 0ms, valid
  PSO: {[1,9], [7,3], [6,7], [3,5], [0,1], [4,8], [5,1], [8,0], [9,4], [2,2]}, 41700ms, not valid, fitness = 1.0 (adj = 0, att = 1)

Level 144:
  Backtracking: {[1,4], [5,8], [0,1], [7,3], [2,2], [9,9], [4,5], [8,6], [6,0], [3,7]}, 1ms, valid
  PSO: {[1,3], [6,7], [0,0], [9,4], [5,1], [9,9], [3,5], [8,6], [7,2], [2,8]}, 41429ms, not valid, fitness = 1.0 (adj = 0, att = 1)

Level 145:
  Backtracking: {[1,0], [7,5], [2,6], [4,1], [0,2], [6,8], [3,4], [9,7], [8,9], [5,3]}, 0ms, valid
  PSO: {[0,0], [7,5], [2,6], [4,1], [1,9], [6,8], [3,4], [9,7], [8,9], [5,3]}, 41382ms, not valid, fitness = 1.0 (adj = 0, att = 1)

Level 146:
  Backtracking: {[2,8], [4,0], [0,9], [6,7], [1,3], [7,1], [3,4], [9,2], [8,6], [5,5]}, 5ms, valid
  PSO: {[3,8], [6,0], [1,6], [8,9], [2,1], [9,4], [5,7], [9,2], [7,5], [4,3]}, 41876ms, not valid, fitness = 1.0 (adj = 0, att = 1)

Level 147:
  Backtracking: {[4,3], [5,1], [1,0], [7,9], [2,4], [0,5], [3,8], [9,7], [8,2], [6,6]}, 0ms, valid
  PSO: {[5,4], [6,1], [4,0], [7,9], [2,3], [0,5], [3,8], [9,7], [8,2], [6,6]}, 41524ms, not valid, fitness = 1.0 (adj = 0, att = 1)

Level 148:
  Backtracking: {[2,9], [6,1], [4,0], [5,8], [1,2], [7,3], [0,5], [8,7], [9,4], [3,6]}, 1ms, valid
  PSO: {[1,9], [7,1], [5,0], [6,7], [2,3], [9,2], [0,5], [8,8], [9,4], [3,6]}, 41582ms, not valid, fitness = 1.0 (adj = 0, att = 1)

Level 149:
  Backtracking: {[1,6], [5,0], [4,2], [7,5], [0,8], [6,3], [2,4], [9,1], [8,7], [3,9]}, 0ms, valid
  PSO: {[1,6], [6,2], [4,1], [5,9], [0,8], [9,4], [3,5], [7,0], [8,7], [2,9]}, 41225ms, not valid, fitness = 1.0 (adj = 0, att = 1)

Level 150:
  Backtracking: {[4,0], [3,6], [0,2], [9,5], [1,7], [6,4], [2,9], [8,3], [5,8], [7,1]}, 0ms, valid
  PSO: {[3,2], [2,6], [0,1], [7,7], [1,8], [6,5], [4,9], [8,4], [9,9], [5,3]}, 41525ms, not valid, fitness = 1.0 (adj = 0, att = 1)

