======= 11x11 | Batch 1 =======
Level 1:
  Backtracking: {[4,9], [6,3], [2,4], [1,0], [5,1], [10,5], [8,2], [7,8], [0,7], [9,10], [3,6]}, 1ms, valid
  PSO: {[5,10], [7,4], [2,5], [1,0], [3,2], [9,6], [6,1], [8,8], [0,7], [10,9], [4,7]}, 46481ms, not valid, fitness = 1.0 (adj = 0, att = 1)

Level 2:
  Backtracking: {[0,2], [9,8], [8,10], [6,9], [3,3], [5,5], [7,7], [1,4], [4,0], [2,1], [10,6]}, 0ms, valid
  PSO: {[0,2], [9,8], [8,10], [6,9], [3,3], [5,5], [7,7], [1,4], [4,0], [2,1], [10,6]}, 394ms, valid

Level 3:
  Backtracking: {[0,8], [7,3], [10,5], [1,4], [3,7], [8,10], [2,1], [5,6], [4,0], [6,9], [9,2]}, 1ms, valid
  PSO: {[1,8], [7,3], [2,5], [8,0], [3,7], [9,10], [0,1], [5,6], [4,1], [6,9], [10,2]}, 46927ms, not valid, fitness = 1.0 (adj = 0, att = 1)

Level 4:
  Backtracking: {[8,0], [5,9], [6,1], [2,2], [9,4], [10,6], [7,8], [3,5], [0,10], [4,3], [1,7]}, 0ms, valid
  PSO: {[8,0], [7,9], [6,1], [2,2], [9,4], [10,6], [8,7], [4,5], [0,10], [5,3], [3,8]}, 46815ms, not valid, fitness = 1.0 (adj = 0, att = 1)

Level 5:
  Backtracking: {[2,8], [8,5], [7,3], [6,7], [0,1], [1,10], [4,0], [3,4], [10,6], [9,2], [5,9]}, 1ms, valid
  PSO: {[2,7], [7,5], [7,3], [6,8], [0,1], [5,10], [4,0], [3,4], [10,6], [9,2], [8,9]}, 46556ms, not valid, fitness = 1.0 (adj = 0, att = 1)

Level 6:
  Backtracking: {[0,6], [8,3], [9,5], [2,7], [4,8], [1,9], [3,10], [5,4], [7,0], [10,1], [6,2]}, 0ms, valid
  PSO: {[0,6], [8,3], [9,5], [2,7], [4,8], [1,9], [3,10], [6,4], [7,0], [10,1], [6,2]}, 46008ms, not valid, fitness = 1.0 (adj = 0, att = 1)

Level 7:
  Backtracking: {[4,6], [10,5], [8,7], [5,2], [1,3], [2,8], [7,9], [9,1], [0,10], [6,4], [3,0]}, 1ms, valid
  PSO: {[4,6], [10,5], [8,7], [5,2], [1,3], [2,8], [7,9], [9,1], [0,10], [6,4], [3,0]}, 381ms, valid

Level 8:
  Backtracking: {[3,6], [9,10], [5,5], [6,1], [1,2], [10,3], [4,9], [2,0], [8,4], [0,7], [7,8]}, 0ms, valid
  PSO: {[3,6], [9,10], [5,5], [6,1], [1,2], [10,3], [4,9], [2,0], [8,4], [0,7], [7,10]}, 46629ms, not valid, fitness = 1.0 (adj = 0, att = 1)

Level 9:
  Backtracking: {[3,9], [10,1], [5,4], [1,5], [7,8], [8,0], [0,2], [9,10], [6,6], [4,7], [2,3]}, 0ms, valid
  PSO: {[8,8], [9,1], [5,4], [1,5], [7,3], [3,0], [0,2], [10,9], [6,6], [4,7], [2,3]}, 46999ms, not valid, fitness = 1.0 (adj = 0, att = 1)

Level 10:
  Backtracking: {[2,2], [10,0], [5,3], [0,5], [8,4], [4,10], [9,8], [3,6], [6,7], [7,1], [1,9]}, 0ms, valid
  PSO: {[3,4], [10,0], [5,3], [4,7], [8,5], [0,10], [9,8], [1,6], [6,7], [7,1], [2,9]}, 47065ms, not valid, fitness = 1.0 (adj = 0, att = 1)

Level 11:
  Backtracking: {[4,1], [10,10], [9,3], [2,8], [8,7], [0,0], [3,5], [5,6], [7,4], [6,9], [1,2]}, 1ms, valid
  PSO: {[4,2], [10,10], [9,3], [2,8], [6,1], [0,0], [3,5], [4,7], [8,6], [5,9], [1,4]}, 47239ms, not valid, fitness = 1.0 (adj = 0, att = 1)

Level 12:
  Backtracking: {[0,9], [7,8], [10,7], [9,4], [5,10], [3,1], [2,6], [1,2], [6,3], [8,0], [4,5]}, 0ms, valid
  PSO: {[0,9], [7,8], [10,7], [9,4], [5,10], [3,1], [2,6], [1,2], [6,3], [8,0], [0,5]}, 47464ms, not valid, fitness = 1.0 (adj = 0, att = 1)

Level 13:
  Backtracking: {[3,8], [9,6], [8,9], [1,0], [5,1], [0,7], [6,5], [2,2], [7,3], [10,10], [4,4]}, 0ms, valid
  PSO: {[3,8], [8,4], [7,9], [1,0], [5,1], [2,3], [6,5], [0,2], [9,2], [10,10], [4,6]}, 46739ms, not valid, fitness = 1.0 (adj = 0, att = 1)

Level 14:
  Backtracking: {[4,9], [9,0], [7,7], [0,8], [10,4], [1,5], [2,1], [3,3], [8,10], [5,6], [6,2]}, 0ms, valid
  PSO: {[5,10], [9,0], [8,7], [0,8], [4,3], [2,4], [1,2], [3,0], [10,6], [7,5], [6,1]}, 46509ms, not valid, fitness = 1.0 (adj = 0, att = 1)

Level 15:
  Backtracking: {[3,7], [10,10], [7,3], [2,5], [9,6], [1,2], [4,0], [5,4], [8,8], [6,1], [0,9]}, 1ms, valid
  PSO: {[3,5], [10,10], [8,2], [1,6], [9,8], [0,3], [4,0], [5,4], [7,9], [6,1], [2,10]}, 47083ms, not valid, fitness = 1.0 (adj = 0, att = 1)

Level 16:
  Backtracking: {[4,3], [10,2], [7,4], [2,1], [6,10], [0,8], [5,7], [8,9], [9,0], [1,5], [3,6]}, 1ms, valid
  PSO: {[4,3], [10,0], [9,7], [1,6], [6,5], [0,10], [5,8], [8,9], [8,2], [2,4], [3,1]}, 45894ms, not valid, fitness = 1.0 (adj = 0, att = 1)

Level 17:
  Backtracking: {[6,8], [9,9], [0,10], [4,7], [8,3], [7,6], [2,0], [3,2], [10,1], [1,4], [5,5]}, 1ms, valid
  PSO: {[6,8], [8,9], [0,10], [1,7], [5,2], [7,6], [3,0], [2,3], [10,1], [0,4], [4,5]}, 46456ms, not valid, fitness = 1.0 (adj = 0, att = 1)

Level 18:
  Backtracking: {[7,9], [10,6], [9,8], [3,4], [5,10], [0,3], [4,0], [2,1], [6,5], [8,2], [1,7]}, 1ms, valid
  PSO: {[7,9], [10,6], [9,8], [2,4], [4,10], [0,3], [3,0], [1,1], [6,5], [8,2], [1,7]}, 46352ms, not valid, fitness = 1.0 (adj = 0, att = 1)

Level 19:
  Backtracking: {[6,10], [9,3], [8,6], [7,8], [5,4], [4,7], [1,0], [3,5], [10,1], [0,9], [2,2]}, 1ms, valid
  PSO: {[3,9], [9,3], [8,6], [7,2], [5,4], [4,7], [6,0], [1,1], [10,10], [0,8], [2,3]}, 46604ms, not valid, fitness = 1.0 (adj = 0, att = 1)

Level 20:
  Backtracking: {[7,4], [10,9], [9,0], [3,5], [6,2], [2,3], [4,10], [0,1], [8,7], [5,8], [1,6]}, 26ms, valid
  PSO: {[6,4], [10,6], [8,2], [3,5], [4,1], [2,3], [3,9], [1,0], [7,10], [5,8], [0,7]}, 46686ms, not valid, fitness = 1.0 (adj = 0, att = 1)

Level 21:
  Backtracking: {[2,8], [8,7], [6,9], [3,4], [5,6], [1,5], [9,10], [0,3], [10,2], [7,0], [4,1]}, 0ms, valid
  PSO: {[1,9], [7,5], [6,8], [2,4], [3,6], [1,7], [9,10], [0,2], [10,0], [8,3], [4,1]}, 47181ms, not valid, fitness = 1.0 (adj = 0, att = 1)

Level 22:
  Backtracking: {[0,8], [6,5], [2,0], [3,4], [8,6], [1,3], [9,10], [5,9], [4,7], [10,1], [7,2]}, 1ms, valid
  PSO: {[2,10], [6,5], [4,3], [3,6], [7,8], [0,0], [9,10], [5,9], [1,7], [10,2], [8,4]}, 46804ms, not valid, fitness = 1.0 (adj = 0, att = 1)

Level 23:
  Backtracking: {[3,5], [7,6], [2,2], [10,10], [8,8], [0,0], [1,9], [9,1], [6,4], [5,7], [4,3]}, 0ms, valid
  PSO: {[3,5], [7,7], [2,8], [10,9], [8,5], [0,10], [1,2], [9,1], [6,4], [5,6], [4,3]}, 47093ms, not valid, fitness = 1.0 (adj = 0, att = 1)

Level 24:
  Backtracking: {[8,8], [10,2], [6,7], [1,9], [4,6], [9,0], [0,1], [2,3], [3,10], [7,5], [5,4]}, 7ms, valid
  PSO: {[4,9], [10,6], [6,7], [2,8], [1,5], [7,0], [0,3], [3,1], [2,10], [8,2], [5,4]}, 47262ms, not valid, fitness = 1.0 (adj = 0, att = 1)

Level 25:
  Backtracking: {[6,5], [10,1], [4,8], [0,6], [9,7], [8,3], [7,9], [1,2], [5,10], [2,0], [3,4]}, 0ms, valid
  PSO: {[6,5], [9,6], [4,8], [0,7], [10,9], [8,3], [7,10], [1,2], [5,10], [2,0], [3,4]}, 47395ms, not valid, fitness = 1.0 (adj = 0, att = 1)

Level 26:
  Backtracking: {[4,8], [9,10], [10,3], [5,6], [6,4], [7,2], [3,1], [8,0], [1,9], [0,7], [2,5]}, 2ms, valid
  PSO: {[3,8], [9,10], [10,3], [4,6], [6,4], [7,2], [3,1], [5,0], [1,9], [0,7], [2,5]}, 47850ms, not valid, fitness = 1.0 (adj = 0, att = 1)

Level 27:
  Backtracking: {[5,5], [10,1], [1,2], [2,4], [6,10], [4,7], [8,9], [7,6], [0,8], [9,3], [3,0]}, 0ms, valid
  PSO: {[5,5], [10,4], [1,3], [0,6], [6,10], [2,7], [9,8], [7,6], [4,9], [8,2], [3,0]}, 47865ms, not valid, fitness = 1.0 (adj = 0, att = 1)

Level 28:
  Backtracking: {[4,3], [5,5], [7,7], [8,1], [3,8], [9,10], [2,6], [6,2], [10,0], [1,9], [0,4]}, 1ms, valid
  PSO: {[4,3], [5,5], [7,7], [8,1], [1,7], [9,8], [3,6], [6,2], [10,0], [2,9], [0,4]}, 46446ms, not valid, fitness = 1.0 (adj = 0, att = 1)

Level 29:
  Backtracking: {[4,7], [8,10], [1,8], [3,0], [2,6], [10,2], [7,1], [0,5], [9,4], [6,3], [5,9]}, 0ms, valid
  PSO: {[5,6], [4,10], [1,7], [3,0], [8,9], [10,2], [7,1], [0,5], [9,4], [6,3], [6,8]}, 46675ms, not valid, fitness = 1.0 (adj = 0, att = 1)

Level 30:
  Backtracking: {[1,8], [9,5], [5,3], [0,2], [8,9], [10,0], [6,1], [3,4], [7,7], [4,6], [2,10]}, 0ms, valid
  PSO: {[1,8], [9,5], [5,3], [0,2], [8,9], [10,0], [6,1], [3,4], [7,7], [4,6], [2,10]}, 282ms, valid

Level 31:
  Backtracking: {[4,3], [10,9], [6,4], [0,10], [7,2], [8,8], [5,6], [2,1], [1,7], [9,0], [3,5]}, 0ms, valid
  PSO: {[4,3], [10,9], [6,4], [7,10], [9,2], [8,8], [5,6], [2,1], [1,7], [9,0], [3,5]}, 46623ms, not valid, fitness = 1.0 (adj = 0, att = 1)

Level 32:
  Backtracking: {[7,10], [10,9], [5,7], [1,0], [6,4], [3,1], [2,3], [8,8], [4,5], [9,6], [0,2]}, 0ms, valid
  PSO: {[7,10], [10,9], [4,7], [3,0], [10,3], [5,1], [2,4], [8,8], [6,5], [9,6], [0,2]}, 46324ms, not valid, fitness = 1.0 (adj = 0, att = 1)

Level 33:
  Backtracking: {[6,3], [10,5], [2,1], [1,6], [7,8], [0,0], [9,7], [4,2], [3,10], [5,9], [8,4]}, 1ms, valid
  PSO: {[6,3], [10,2], [2,1], [1,5], [5,6], [0,0], [9,7], [4,1], [7,10], [3,8], [8,4]}, 46394ms, not valid, fitness = 1.0 (adj = 0, att = 1)

Level 34:
  Backtracking: {[8,10], [9,1], [7,2], [6,0], [0,8], [2,7], [3,9], [1,5], [5,3], [4,6], [10,4]}, 2ms, valid
  PSO: {[6,8], [9,4], [7,1], [4,0], [0,5], [2,7], [3,10], [1,9], [5,3], [4,6], [10,2]}, 46009ms, not valid, fitness = 1.0 (adj = 0, att = 1)

Level 35:
  Backtracking: {[10,8], [9,5], [6,4], [0,6], [3,3], [7,9], [1,0], [8,2], [5,10], [2,7], [4,1]}, 1ms, valid
  PSO: {[10,8], [8,6], [6,4], [0,2], [3,3], [7,9], [1,0], [9,1], [4,10], [2,7], [5,0]}, 46030ms, not valid, fitness = 1.0 (adj = 0, att = 1)

Level 36:
  Backtracking: {[6,2], [9,5], [8,9], [1,8], [7,7], [0,4], [4,10], [10,3], [5,0], [3,6], [2,1]}, 3ms, valid
  PSO: {[6,2], [9,7], [10,10], [0,9], [7,8], [1,5], [4,10], [8,3], [5,0], [3,6], [2,1]}, 46613ms, not valid, fitness = 1.0 (adj = 0, att = 1)

Level 37:
  Backtracking: {[10,3], [6,4], [2,10], [0,9], [1,1], [8,8], [5,2], [9,5], [4,7], [7,6], [3,0]}, 1ms, valid
  PSO: {[10,3], [6,4], [2,10], [0,9], [1,1], [8,8], [5,2], [9,5], [4,7], [7,6], [3,0]}, 297ms, valid

Level 38:
  Backtracking: {[3,4], [10,6], [7,9], [1,10], [2,7], [4,1], [9,2], [6,5], [8,0], [5,8], [0,3]}, 0ms, valid
  PSO: {[3,4], [10,7], [7,9], [1,10], [3,6], [4,1], [9,2], [5,5], [8,0], [2,8], [0,3]}, 47168ms, not valid, fitness = 1.0 (adj = 0, att = 1)

Level 39:
  Backtracking: {[7,3], [9,7], [10,0], [1,5], [5,4], [0,8], [3,2], [2,10], [8,1], [6,6], [4,9]}, 0ms, valid
  PSO: {[7,3], [9,7], [10,0], [1,5], [5,4], [0,8], [3,2], [2,10], [8,1], [6,6], [4,9]}, 420ms, valid

Level 40:
  Backtracking: {[8,10], [6,7], [5,5], [0,0], [9,8], [7,1], [10,2], [3,6], [4,3], [1,9], [2,4]}, 2ms, valid
  PSO: {[8,10], [7,6], [6,4], [0,0], [9,7], [10,1], [8,2], [4,8], [3,3], [2,9], [1,5]}, 47384ms, not valid, fitness = 1.0 (adj = 0, att = 1)

Level 41:
  Backtracking: {[4,8], [10,1], [8,7], [1,6], [3,5], [6,9], [5,4], [9,10], [7,2], [0,0], [2,3]}, 1ms, valid
  PSO: {[4,8], [10,1], [8,9], [2,6], [3,4], [7,7], [6,5], [0,10], [8,3], [1,0], [5,2]}, 47302ms, not valid, fitness = 1.0 (adj = 0, att = 1)

Level 42:
  Backtracking: {[10,5], [5,3], [2,4], [6,6], [9,10], [7,8], [4,9], [0,7], [8,2], [1,0], [3,1]}, 0ms, valid
  PSO: {[10,5], [5,3], [2,6], [1,2], [9,10], [6,7], [4,9], [0,8], [7,4], [0,0], [3,1]}, 47089ms, not valid, fitness = 1.0 (adj = 0, att = 1)

Level 43:
  Backtracking: {[9,2], [10,6], [3,10], [1,9], [8,7], [6,3], [2,4], [5,8], [0,0], [7,5], [4,1]}, 5ms, valid
  PSO: {[9,2], [10,4], [3,1], [2,9], [7,7], [6,3], [1,5], [5,6], [0,0], [8,4], [4,8]}, 47857ms, not valid, fitness = 1.0 (adj = 0, att = 1)

Level 44:
  Backtracking: {[2,5], [7,9], [5,3], [1,8], [6,0], [4,1], [9,6], [3,7], [0,10], [8,2], [10,4]}, 0ms, valid
  PSO: {[2,6], [3,8], [6,3], [1,9], [7,0], [5,1], [9,6], [4,5], [0,7], [8,2], [10,4]}, 47245ms, not valid, fitness = 1.0 (adj = 0, att = 1)

Level 45:
  Backtracking: {[8,2], [6,6], [1,10], [5,0], [2,5], [9,8], [10,3], [4,7], [0,1], [3,9], [7,4]}, 0ms, valid
  PSO: {[8,2], [7,8], [0,10], [5,0], [2,6], [9,7], [10,4], [1,8], [4,3], [3,9], [6,5]}, 46600ms, not valid, fitness = 1.0 (adj = 0, att = 1)

Level 46:
  Backtracking: {[3,9], [9,7], [10,0], [8,5], [6,6], [7,1], [2,4], [1,8], [0,3], [5,10], [4,2]}, 1ms, valid
  PSO: {[3,10], [7,9], [9,0], [8,7], [5,8], [9,2], [2,4], [4,6], [0,3], [10,5], [6,1]}, 48129ms, not valid, fitness = 1.0 (adj = 0, att = 1)

Level 47:
  Backtracking: {[0,5], [9,9], [6,10], [3,1], [10,4], [7,3], [2,8], [1,2], [5,0], [8,6], [4,7]}, 1ms, valid
  PSO: {[8,1], [9,9], [5,10], [2,2], [10,4], [7,3], [1,8], [0,2], [3,0], [6,6], [4,7]}, 48049ms, not valid, fitness = 1.0 (adj = 0, att = 1)

Level 48:
  Backtracking: {[1,3], [8,8], [6,7], [3,10], [7,4], [9,5], [5,9], [2,1], [0,6], [10,0], [4,2]}, 0ms, valid
  PSO: {[1,4], [8,8], [6,7], [3,10], [7,4], [9,5], [5,9], [2,1], [0,6], [10,3], [4,2]}, 47520ms, not valid, fitness = 1.0 (adj = 0, att = 1)

Level 49:
  Backtracking: {[1,10], [10,8], [6,3], [0,1], [4,4], [8,9], [7,5], [5,7], [2,0], [9,2], [3,6]}, 1ms, valid
  PSO: {[2,10], [10,9], [5,1], [1,2], [4,3], [7,8], [8,4], [6,6], [0,0], [9,2], [3,5]}, 46665ms, not valid, fitness = 1.0 (adj = 0, att = 1)

Level 50:
  Backtracking: {[3,3], [10,10], [5,2], [2,1], [0,0], [9,6], [6,9], [1,5], [7,4], [8,8], [4,7]}, 0ms, valid
  PSO: {[3,3], [10,10], [5,4], [1,2], [0,0], [9,6], [6,9], [2,5], [7,3], [8,8], [4,7]}, 46601ms, not valid, fitness = 1.0 (adj = 0, att = 1)

