======= 9x9 | Batch 4 =======
Level 151:
  Backtracking: {[8,5], [3,3], [2,6], [5,7], [4,1], [7,8], [0,0], [6,4], [1,2]}, 0ms, valid
  PSO: {[8,6], [3,3], [2,6], [5,7], [6,1], [7,8], [0,0], [4,5], [1,2]}, 38004ms, not valid, fitness = 1.0 (adj = 0, att = 1)

Level 152:
  Backtracking: {[5,6], [4,8], [0,3], [7,2], [3,1], [2,7], [8,5], [6,4], [1,0]}, 0ms, valid
  PSO: {[5,6], [4,8], [0,3], [7,2], [3,1], [2,7], [8,5], [6,4], [1,0]}, 261ms, valid

Level 153:
  Backtracking: {[1,5], [4,1], [3,3], [6,6], [2,7], [5,4], [0,8], [8,2], [7,0]}, 0ms, valid
  PSO: {[1,5], [4,1], [3,3], [6,6], [2,7], [5,4], [0,8], [8,2], [7,0]}, 244ms, valid

Level 154:
  Backtracking: {[8,5], [6,4], [3,3], [7,8], [2,1], [5,2], [0,0], [4,6], [1,7]}, 1ms, valid
  PSO: {[8,5], [6,4], [3,3], [7,8], [2,1], [5,2], [0,0], [4,6], [1,7]}, 240ms, valid

Level 155:
  Backtracking: {[1,8], [4,6], [3,0], [7,1], [2,4], [6,7], [8,5], [5,2], [0,3]}, 0ms, valid
  PSO: {[1,8], [4,6], [3,0], [7,1], [2,4], [6,7], [8,5], [5,2], [0,3]}, 271ms, valid

Level 156:
  Backtracking: {[8,3], [6,7], [3,8], [4,1], [2,6], [7,5], [0,2], [5,4], [1,0]}, 0ms, valid
  PSO: {[8,3], [6,6], [5,8], [7,0], [3,4], [8,5], [0,7], [4,2], [2,1]}, 37955ms, not valid, fitness = 1.0 (adj = 0, att = 1)

Level 157:
  Backtracking: {[8,3], [4,4], [3,7], [6,1], [2,2], [7,5], [0,6], [5,8], [1,0]}, 0ms, valid
  PSO: {[8,3], [4,4], [2,7], [6,1], [1,4], [7,5], [0,6], [5,8], [3,2]}, 38330ms, not valid, fitness = 1.0 (adj = 0, att = 1)

Level 158:
  Backtracking: {[0,3], [5,1], [3,4], [8,7], [1,5], [7,0], [6,8], [4,6], [2,2]}, 0ms, valid
  PSO: {[1,2], [5,1], [3,3], [8,7], [0,4], [7,0], [6,8], [4,6], [2,0]}, 37525ms, not valid, fitness = 1.0 (adj = 0, att = 1)

Level 159:
  Backtracking: {[0,2], [5,1], [6,5], [7,7], [2,3], [3,8], [8,4], [4,6], [1,0]}, 0ms, valid
  PSO: {[0,2], [5,1], [6,5], [7,7], [2,3], [3,8], [8,4], [4,6], [1,0]}, 163ms, valid

Level 160:
  Backtracking: {[0,2], [6,7], [4,4], [5,0], [2,3], [3,1], [8,8], [7,5], [1,6]}, 0ms, valid
  PSO: {[0,2], [6,7], [4,4], [5,0], [2,3], [3,1], [8,8], [7,5], [1,6]}, 174ms, valid

Level 161:
  Backtracking: {[0,0], [3,5], [2,8], [6,4], [7,1], [5,6], [8,7], [4,3], [1,2]}, 0ms, valid
  PSO: {[0,0], [3,5], [2,8], [6,4], [7,1], [5,6], [8,7], [4,3], [1,2]}, 163ms, valid

Level 162:
  Backtracking: {[0,0], [4,7], [3,1], [7,6], [2,4], [6,8], [8,3], [5,5], [1,2]}, 0ms, valid
  PSO: {[0,0], [4,7], [3,1], [7,6], [2,4], [6,8], [8,3], [5,5], [1,2]}, 155ms, valid

Level 163:
  Backtracking: {[8,6], [5,1], [3,0], [6,3], [2,4], [7,8], [1,2], [4,5], [0,7]}, 0ms, valid
  PSO: {[8,5], [5,1], [2,0], [7,2], [4,6], [7,7], [1,3], [6,4], [0,8]}, 38197ms, not valid, fitness = 1.0 (adj = 0, att = 1)

Level 164:
  Backtracking: {[6,0], [4,2], [3,7], [7,5], [2,1], [0,8], [8,3], [5,4], [1,6]}, 0ms, valid
  PSO: {[6,0], [4,2], [4,7], [7,6], [1,1], [3,4], [8,3], [5,5], [2,8]}, 38032ms, not valid, fitness = 1.0 (adj = 0, att = 1)

Level 165:
  Backtracking: {[1,2], [7,8], [2,7], [8,3], [3,1], [6,6], [5,0], [4,5], [0,4]}, 0ms, valid
  PSO: {[1,2], [8,7], [3,8], [7,4], [2,0], [5,8], [6,1], [4,6], [0,5]}, 37654ms, not valid, fitness = 1.0 (adj = 0, att = 1)

Level 166:
  Backtracking: {[0,6], [4,4], [3,7], [5,0], [1,8], [6,3], [8,2], [7,5], [2,1]}, 0ms, valid
  PSO: {[0,6], [4,4], [6,7], [5,0], [1,8], [6,3], [8,2], [7,5], [2,1]}, 38979ms, not valid, fitness = 1.0 (adj = 0, att = 1)

Level 167:
  Backtracking: {[8,7], [3,3], [2,5], [7,4], [4,1], [5,8], [0,6], [6,2], [1,0]}, 0ms, valid
  PSO: {[8,7], [3,3], [2,5], [7,4], [4,1], [5,8], [0,6], [6,2], [1,0]}, 158ms, valid

Level 168:
  Backtracking: {[6,4], [4,3], [1,5], [8,8], [2,2], [0,7], [7,6], [5,1], [3,0]}, 0ms, valid
  PSO: {[6,4], [4,3], [1,5], [8,8], [2,2], [0,7], [7,6], [5,1], [3,0]}, 163ms, valid

Level 169:
  Backtracking: {[1,2], [4,0], [2,8], [7,7], [3,4], [6,5], [8,1], [5,3], [0,6]}, 0ms, valid
  PSO: {[1,1], [4,0], [2,8], [7,3], [5,4], [6,6], [8,1], [3,2], [0,5]}, 37876ms, not valid, fitness = 1.0 (adj = 0, att = 1)

Level 170:
  Backtracking: {[7,5], [2,8], [4,0], [6,1], [1,6], [5,7], [8,2], [3,4], [0,3]}, 1ms, valid
  PSO: {[7,5], [2,7], [1,0], [6,3], [0,7], [5,6], [8,2], [3,4], [4,8]}, 37947ms, not valid, fitness = 1.0 (adj = 0, att = 1)

Level 171:
  Backtracking: {[7,2], [4,6], [2,4], [8,0], [3,8], [6,7], [1,1], [5,3], [0,5]}, 0ms, valid
  PSO: {[6,2], [4,8], [3,1], [8,1], [2,6], [7,7], [1,3], [5,0], [0,5]}, 38246ms, not valid, fitness = 1.0 (adj = 0, att = 1)

Level 172:
  Backtracking: {[1,5], [5,0], [3,3], [6,2], [2,8], [7,7], [4,6], [8,4], [0,1]}, 0ms, valid
  PSO: {[1,5], [5,0], [3,3], [6,2], [2,8], [7,7], [4,6], [8,4], [0,1]}, 233ms, valid

Level 173:
  Backtracking: {[6,1], [4,2], [1,8], [7,4], [0,6], [5,7], [8,0], [3,5], [2,3]}, 1ms, valid
  PSO: {[1,0], [4,3], [3,8], [8,5], [0,7], [7,8], [6,2], [5,6], [2,4]}, 38233ms, not valid, fitness = 1.0 (adj = 0, att = 1)

Level 174:
  Backtracking: {[1,2], [3,5], [4,0], [7,1], [2,7], [6,8], [8,4], [5,3], [0,6]}, 0ms, valid
  PSO: {[1,2], [3,5], [4,0], [7,1], [2,7], [6,8], [8,4], [5,3], [0,6]}, 250ms, valid

Level 175:
  Backtracking: {[0,4], [4,3], [3,0], [7,1], [2,2], [5,5], [8,8], [6,7], [1,6]}, 0ms, valid
  PSO: {[0,4], [4,3], [3,0], [7,1], [2,2], [5,5], [8,8], [6,7], [1,6]}, 245ms, valid

Level 176:
  Backtracking: {[0,2], [4,5], [1,7], [7,6], [3,3], [5,0], [8,8], [6,4], [2,1]}, 1ms, valid
  PSO: {[0,2], [4,5], [1,7], [7,6], [3,3], [5,0], [8,8], [6,4], [2,1]}, 227ms, valid

Level 177:
  Backtracking: {[1,1], [4,0], [3,3], [7,2], [2,5], [5,8], [0,4], [6,6], [8,7]}, 0ms, valid
  PSO: {[1,1], [4,0], [3,3], [7,2], [2,5], [5,8], [0,4], [6,6], [8,7]}, 216ms, valid

Level 178:
  Backtracking: {[1,5], [4,0], [3,6], [6,7], [2,8], [0,2], [8,1], [5,4], [7,3]}, 0ms, valid
  PSO: {[1,5], [6,0], [4,6], [8,7], [2,8], [0,2], [8,1], [5,4], [7,3]}, 38127ms, not valid, fitness = 1.0 (adj = 0, att = 1)

Level 179:
  Backtracking: {[0,3], [4,1], [1,7], [8,8], [2,4], [3,6], [7,2], [5,5], [6,0]}, 0ms, valid
  PSO: {[0,6], [4,2], [1,8], [7,8], [2,5], [3,7], [8,3], [6,4], [5,0]}, 38365ms, not valid, fitness = 1.0 (adj = 0, att = 1)

Level 180:
  Backtracking: {[0,2], [4,6], [3,8], [6,7], [2,0], [7,1], [8,5], [5,3], [1,4]}, 0ms, valid
  PSO: {[2,2], [5,6], [3,7], [7,8], [4,1], [8,0], [7,5], [6,3], [1,4]}, 37893ms, not valid, fitness = 1.0 (adj = 0, att = 1)

Level 181:
  Backtracking: {[6,7], [4,0], [1,6], [5,2], [3,4], [0,3], [8,5], [7,1], [2,8]}, 0ms, valid
  PSO: {[6,7], [4,0], [1,6], [5,2], [3,4], [0,3], [8,5], [7,1], [2,8]}, 237ms, valid

Level 182:
  Backtracking: {[2,7], [8,3], [4,5], [6,4], [1,1], [3,0], [7,6], [5,2], [0,8]}, 1ms, valid
  PSO: {[0,4], [7,1], [3,3], [6,5], [2,0], [4,0], [8,7], [5,2], [1,8]}, 38189ms, not valid, fitness = 1.0 (adj = 0, att = 1)

Level 183:
  Backtracking: {[1,1], [4,2], [3,5], [6,8], [2,3], [5,4], [8,7], [7,0], [0,6]}, 0ms, valid
  PSO: {[1,1], [4,2], [3,5], [6,8], [2,3], [5,4], [8,7], [6,0], [0,6]}, 38081ms, not valid, fitness = 1.0 (adj = 0, att = 1)

Level 184:
  Backtracking: {[0,1], [4,5], [2,4], [6,0], [3,7], [7,8], [8,3], [5,2], [1,6]}, 0ms, valid
  PSO: {[1,1], [5,5], [3,4], [7,0], [4,7], [7,8], [8,3], [6,2], [2,6]}, 38625ms, not valid, fitness = 1.0 (adj = 0, att = 1)

Level 185:
  Backtracking: {[7,3], [4,8], [2,6], [8,1], [3,4], [6,7], [0,2], [5,5], [1,0]}, 0ms, valid
  PSO: {[7,3], [4,8], [2,6], [8,1], [3,4], [6,7], [0,2], [5,5], [1,0]}, 350ms, valid

Level 186:
  Backtracking: {[2,0], [3,2], [5,8], [6,1], [1,3], [4,6], [8,4], [7,7], [0,5]}, 0ms, valid
  PSO: {[2,0], [3,2], [5,8], [6,1], [1,3], [4,6], [8,4], [7,7], [0,5]}, 160ms, valid

Level 187:
  Backtracking: {[0,5], [4,7], [6,3], [7,8], [3,0], [2,4], [8,6], [5,1], [1,2]}, 0ms, valid
  PSO: {[0,5], [4,7], [6,3], [7,8], [3,0], [2,4], [8,6], [5,1], [1,2]}, 237ms, valid

Level 188:
  Backtracking: {[0,4], [7,0], [3,3], [6,6], [2,7], [5,8], [8,5], [4,1], [1,2]}, 1ms, valid
  PSO: {[1,4], [7,0], [4,3], [6,6], [3,7], [5,8], [8,5], [6,2], [2,1]}, 38076ms, not valid, fitness = 1.0 (adj = 0, att = 1)

Level 189:
  Backtracking: {[0,8], [6,4], [2,3], [5,1], [3,0], [4,7], [7,2], [8,6], [1,5]}, 0ms, valid
  PSO: {[0,8], [6,4], [2,3], [5,1], [3,0], [4,7], [7,2], [8,6], [1,5]}, 278ms, valid

Level 190:
  Backtracking: {[0,3], [3,7], [2,4], [8,1], [4,0], [6,2], [7,8], [5,5], [1,6]}, 0ms, valid
  PSO: {[1,2], [2,8], [3,5], [8,3], [0,0], [4,1], [6,7], [5,4], [1,6]}, 37630ms, not valid, fitness = 1.0 (adj = 0, att = 1)

Level 191:
  Backtracking: {[5,6], [4,8], [3,0], [7,3], [2,7], [0,2], [8,5], [6,1], [1,4]}, 0ms, valid
  PSO: {[6,8], [4,7], [2,0], [7,3], [1,7], [3,4], [8,6], [5,1], [0,5]}, 37428ms, not valid, fitness = 1.0 (adj = 0, att = 1)

Level 192:
  Backtracking: {[8,6], [3,7], [4,2], [5,0], [2,3], [7,8], [0,4], [6,5], [1,1]}, 0ms, valid
  PSO: {[8,6], [3,7], [4,2], [5,0], [2,3], [7,8], [0,4], [6,5], [1,1]}, 291ms, valid

Level 193:
  Backtracking: {[0,2], [6,5], [3,1], [7,3], [2,4], [1,0], [8,7], [5,8], [4,6]}, 1ms, valid
  PSO: {[0,2], [6,5], [3,1], [7,3], [2,4], [1,0], [8,7], [5,8], [4,6]}, 252ms, valid

Level 194:
  Backtracking: {[1,3], [7,0], [3,8], [5,1], [2,6], [6,4], [8,2], [4,5], [0,7]}, 0ms, valid
  PSO: {[1,3], [7,0], [3,8], [5,1], [2,6], [6,4], [8,2], [4,5], [0,7]}, 147ms, valid

Level 195:
  Backtracking: {[0,1], [4,7], [3,3], [7,2], [1,8], [5,5], [8,4], [6,0], [2,6]}, 0ms, valid
  PSO: {[0,1], [4,7], [3,3], [7,2], [1,8], [5,5], [8,4], [6,0], [2,6]}, 287ms, valid

Level 196:
  Backtracking: {[0,6], [5,3], [3,7], [7,2], [2,4], [6,8], [8,0], [4,5], [1,1]}, 0ms, valid
  PSO: {[0,6], [5,3], [3,7], [7,2], [2,4], [6,8], [8,0], [4,5], [1,1]}, 242ms, valid

Level 197:
  Backtracking: {[0,5], [4,7], [2,1], [6,6], [3,4], [7,0], [8,8], [5,2], [1,3]}, 0ms, valid
  PSO: {[0,5], [5,8], [4,1], [6,6], [3,4], [7,0], [8,7], [8,3], [2,2]}, 37905ms, not valid, fitness = 1.0 (adj = 0, att = 1)

Level 198:
  Backtracking: {[6,8], [4,7], [3,3], [7,6], [2,1], [0,0], [8,2], [5,5], [1,4]}, 0ms, valid
  PSO: {[6,8], [4,7], [3,3], [7,6], [2,1], [0,0], [8,2], [5,5], [1,4]}, 262ms, valid

Level 199:
  Backtracking: {[1,5], [4,6], [3,0], [7,4], [2,3], [5,2], [8,8], [6,7], [0,1]}, 0ms, valid
  PSO: {[0,6], [6,5], [4,0], [8,4], [3,2], [7,1], [8,8], [5,7], [1,3]}, 37229ms, not valid, fitness = 1.0 (adj = 0, att = 1)

Level 200:
  Backtracking: {[0,2], [5,8], [1,0], [8,5], [4,4], [2,6], [7,7], [6,3], [3,1]}, 0ms, valid
  PSO: {[0,2], [5,8], [1,0], [8,5], [4,4], [2,6], [7,7], [6,3], [3,1]}, 252ms, valid

