======= 12x12 | Batch 1 =======
Level 1:
  Backtracking: {[3,5], [10,1], [7,4], [6,8], [0,3], [8,9], [4,2], [9,11], [1,0], [5,6], [11,10], [2,7]}, 1ms, valid
  PSO: {[3,5], [11,1], [7,4], [6,8], [0,3], [8,7], [4,2], [9,11], [2,0], [5,6], [10,9], [6,10]}, 51073ms, not valid, fitness = 1.0 (adj = 0, att = 1)

Level 2:
  Backtracking: {[3,5], [11,9], [8,11], [6,7], [2,0], [4,10], [9,8], [10,3], [0,6], [5,2], [7,1], [1,4]}, 1ms, valid
  PSO: {[3,5], [11,9], [8,11], [7,6], [0,0], [5,10], [9,8], [10,3], [2,7], [6,2], [8,1], [1,4]}, 50684ms, not valid, fitness = 1.0 (adj = 0, att = 1)

Level 3:
  Backtracking: {[3,6], [10,10], [7,3], [5,4], [0,2], [11,8], [9,7], [4,0], [2,1], [1,5], [8,11], [6,9]}, 0ms, valid
  PSO: {[4,6], [10,10], [9,3], [5,4], [0,11], [11,8], [8,7], [7,0], [2,2], [1,5], [8,11], [6,9]}, 51484ms, not valid, fitness = 2.0 (adj = 0, att = 2)

Level 4:
  Backtracking: {[6,5], [11,8], [3,11], [2,9], [0,2], [4,6], [7,0], [10,3], [1,7], [5,10], [9,1], [8,4]}, 2ms, valid
  PSO: {[6,2], [11,11], [4,9], [3,5], [1,0], [5,4], [7,0], [10,3], [2,7], [8,10], [9,1], [10,6]}, 51064ms, not valid, fitness = 2.0 (adj = 0, att = 2)

Level 5:
  Backtracking: {[3,9], [11,8], [6,4], [5,2], [0,5], [4,11], [8,3], [10,1], [2,0], [1,10], [9,7], [7,6]}, 0ms, valid
  PSO: {[4,9], [11,7], [6,5], [7,0], [0,4], [5,11], [8,3], [10,1], [3,2], [2,8], [10,10], [9,6]}, 51583ms, not valid, fitness = 1.0 (adj = 0, att = 1)

Level 6:
  Backtracking: {[4,11], [11,5], [5,4], [0,0], [1,3], [9,6], [10,2], [7,7], [2,1], [3,8], [8,10], [6,9]}, 0ms, valid
  PSO: {[5,11], [11,4], [7,5], [4,0], [1,3], [11,6], [10,2], [8,7], [2,1], [3,10], [9,9], [6,8]}, 51519ms, not valid, fitness = 1.0 (adj = 0, att = 1)

Level 7:
  Backtracking: {[4,4], [10,0], [11,10], [5,1], [0,6], [2,7], [8,3], [6,8], [1,11], [3,2], [9,9], [7,5]}, 1ms, valid
  PSO: {[4,4], [9,1], [11,7], [6,0], [1,6], [5,8], [8,3], [11,11], [2,10], [3,2], [10,9], [7,5]}, 51964ms, not valid, fitness = 1.0 (adj = 0, att = 1)

Level 8:
  Backtracking: {[3,9], [6,1], [4,2], [5,5], [0,3], [2,6], [7,8], [11,4], [9,7], [1,0], [10,10], [8,11]}, 0ms, valid
  PSO: {[3,9], [9,4], [5,1], [6,5], [0,3], [4,7], [7,8], [11,2], [11,6], [2,0], [10,10], [8,11]}, 50334ms, not valid, fitness = 1.0 (adj = 0, att = 1)

Level 9:
  Backtracking: {[4,0], [11,9], [5,2], [3,10], [0,6], [7,1], [10,4], [6,7], [1,3], [8,11], [9,8], [2,5]}, 1ms, valid
  PSO: {[10,0], [11,11], [6,5], [4,6], [3,9], [7,1], [9,3], [6,7], [1,2], [5,10], [8,8], [0,4]}, 49898ms, not valid, fitness = 1.0 (adj = 0, att = 1)

Level 10:
  Backtracking: {[1,4], [11,11], [5,10], [2,8], [0,7], [4,2], [8,0], [10,3], [3,6], [7,9], [9,5], [6,1]}, 3ms, valid
  PSO: {[6,7], [11,11], [4,10], [2,9], [0,4], [5,2], [10,0], [10,3], [3,6], [8,8], [9,5], [7,1]}, 50035ms, not valid, fitness = 1.0 (adj = 0, att = 1)

Level 11:
  Backtracking: {[3,0], [5,8], [2,3], [7,7], [0,4], [8,10], [6,1], [10,9], [1,6], [4,2], [9,5], [11,11]}, 0ms, valid
  PSO: {[3,0], [5,9], [4,3], [2,6], [1,2], [8,10], [6,1], [7,8], [0,7], [9,0], [11,5], [10,11]}, 50077ms, not valid, fitness = 1.0 (adj = 0, att = 1)

Level 12:
  Backtracking: {[3,7], [9,11], [6,6], [4,10], [2,4], [5,8], [8,5], [11,2], [0,3], [1,9], [10,0], [7,1]}, 1ms, valid
  PSO: {[3,7], [9,11], [6,6], [4,10], [5,4], [7,9], [8,5], [11,2], [0,1], [1,8], [10,0], [9,3]}, 50029ms, not valid, fitness = 1.0 (adj = 0, att = 1)

Level 13:
  Backtracking: {[3,4], [11,7], [5,9], [6,6], [0,8], [4,1], [7,3], [10,11], [2,2], [9,5], [8,10], [1,0]}, 0ms, valid
  PSO: {[3,3], [11,7], [5,10], [7,6], [0,8], [4,0], [8,1], [10,11], [6,4], [10,5], [9,9], [1,2]}, 50045ms, not valid, fitness = 1.0 (adj = 0, att = 1)

Level 14:
  Backtracking: {[0,11], [11,9], [9,10], [3,2], [5,8], [4,0], [6,6], [7,3], [1,1], [2,7], [10,4], [8,5]}, 0ms, valid
  PSO: {[0,11], [11,9], [9,10], [3,3], [5,7], [4,0], [6,4], [10,2], [1,1], [2,8], [8,1], [7,6]}, 50307ms, not valid, fitness = 1.0 (adj = 0, att = 1)

Level 15:
  Backtracking: {[3,7], [11,11], [7,3], [5,9], [0,4], [9,1], [6,5], [10,8], [1,6], [2,2], [8,10], [4,0]}, 0ms, valid
  PSO: {[4,7], [11,11], [7,4], [5,9], [0,2], [10,1], [9,5], [11,8], [1,6], [3,3], [8,10], [6,0]}, 50393ms, not valid, fitness = 1.0 (adj = 0, att = 1)

Level 16:
  Backtracking: {[6,7], [11,4], [7,5], [0,8], [1,11], [4,6], [5,10], [10,1], [3,2], [9,3], [8,0], [2,9]}, 0ms, valid
  PSO: {[6,7], [11,4], [4,0], [0,6], [1,11], [5,5], [7,9], [10,1], [3,2], [9,3], [8,0], [2,8]}, 50811ms, not valid, fitness = 1.0 (adj = 0, att = 1)

Level 17:
  Backtracking: {[2,5], [9,1], [6,7], [5,9], [3,10], [4,3], [8,4], [10,11], [0,6], [1,8], [7,2], [11,0]}, 0ms, valid
  PSO: {[2,5], [9,1], [6,7], [9,10], [5,11], [4,3], [8,4], [10,8], [0,6], [1,9], [7,2], [11,0]}, 50304ms, not valid, fitness = 1.0 (adj = 0, att = 1)

Level 18:
  Backtracking: {[7,2], [5,6], [2,10], [3,5], [0,0], [4,3], [6,8], [10,9], [9,1], [1,4], [8,7], [11,11]}, 6ms, valid
  PSO: {[7,2], [5,5], [2,8], [3,4], [0,0], [4,2], [6,7], [10,9], [9,1], [1,3], [8,6], [11,11]}, 50899ms, not valid, fitness = 1.0 (adj = 0, att = 1)

Level 19:
  Backtracking: {[2,1], [9,10], [4,8], [5,4], [3,3], [6,6], [7,11], [0,5], [10,2], [1,9], [11,0], [8,7]}, 0ms, valid
  PSO: {[2,1], [9,10], [4,8], [5,3], [1,4], [6,6], [7,11], [0,9], [10,2], [3,11], [11,0], [10,7]}, 50575ms, not valid, fitness = 2.0 (adj = 0, att = 2)

Level 20:
  Backtracking: {[2,3], [11,6], [5,4], [6,9], [1,7], [3,5], [9,11], [8,2], [0,10], [7,0], [10,1], [4,8]}, 1ms, valid
  PSO: {[2,4], [11,8], [5,3], [6,11], [1,7], [3,6], [9,11], [8,2], [0,10], [7,0], [10,1], [4,9]}, 51024ms, not valid, fitness = 1.0 (adj = 0, att = 1)

Level 21:
  Backtracking: {[2,8], [5,2], [6,0], [3,5], [0,1], [4,10], [7,3], [11,6], [1,4], [10,9], [9,11], [8,7]}, 3ms, valid
  PSO: {[1,9], [6,5], [5,0], [4,6], [0,1], [3,10], [7,3], [10,8], [2,4], [11,11], [9,10], [8,7]}, 51332ms, not valid, fitness = 1.0 (adj = 0, att = 1)

Level 22:
  Backtracking: {[4,2], [11,8], [5,4], [2,0], [0,11], [3,10], [8,5], [6,9], [1,3], [9,1], [10,6], [7,7]}, 0ms, valid
  PSO: {[5,1], [11,8], [7,3], [3,0], [2,10], [4,7], [8,5], [6,9], [1,2], [10,4], [10,6], [9,11]}, 50287ms, not valid, fitness = 1.0 (adj = 0, att = 1)

Level 23:
  Backtracking: {[5,0], [6,4], [0,9], [3,7], [1,5], [4,2], [8,3], [9,11], [10,6], [2,10], [11,1], [7,8]}, 1ms, valid
  PSO: {[3,0], [6,4], [2,8], [1,6], [0,3], [5,1], [4,5], [9,11], [10,7], [1,10], [8,2], [7,9]}, 51587ms, not valid, fitness = 1.0 (adj = 0, att = 1)

Level 24:
  Backtracking: {[3,3], [11,5], [5,4], [4,0], [0,2], [7,6], [6,8], [10,11], [1,10], [2,1], [8,9], [9,7]}, 12ms, valid
  PSO: {[2,2], [11,5], [6,4], [7,1], [0,3], [5,6], [6,8], [9,11], [3,10], [1,0], [10,9], [8,7]}, 51780ms, not valid, fitness = 1.0 (adj = 0, att = 1)

Level 25:
  Backtracking: {[3,11], [10,5], [6,0], [4,9], [2,8], [0,6], [9,3], [1,4], [11,2], [5,7], [7,10], [8,1]}, 1ms, valid
  PSO: {[5,11], [10,5], [6,0], [3,9], [4,7], [0,6], [7,3], [1,4], [11,2], [9,10], [8,8], [8,1]}, 51661ms, not valid, fitness = 1.0 (adj = 0, att = 1)

Level 26:
  Backtracking: {[3,0], [9,7], [4,3], [11,1], [1,4], [5,9], [6,11], [8,5], [0,6], [2,2], [10,10], [7,8]}, 2ms, valid
  PSO: {[0,0], [9,7], [5,3], [11,2], [3,6], [4,8], [6,11], [8,5], [1,9], [2,4], [10,10], [7,8]}, 51787ms, not valid, fitness = 1.0 (adj = 0, att = 1)

Level 27:
  Backtracking: {[4,6], [11,11], [6,4], [5,0], [1,1], [2,7], [9,9], [10,5], [0,8], [3,3], [7,10], [8,2]}, 1ms, valid
  PSO: {[2,6], [10,11], [6,5], [5,0], [1,1], [4,11], [9,9], [11,7], [0,8], [3,4], [7,10], [8,3]}, 51730ms, not valid, fitness = 1.0 (adj = 0, att = 1)

Level 28:
  Backtracking: {[2,1], [11,10], [6,8], [5,0], [0,9], [4,2], [7,6], [10,3], [3,11], [8,4], [9,7], [1,5]}, 3ms, valid
  PSO: {[2,1], [11,5], [6,8], [5,0], [0,9], [4,2], [7,6], [10,3], [3,10], [8,4], [9,7], [1,4]}, 50410ms, not valid, fitness = 1.0 (adj = 0, att = 1)

Level 29:
  Backtracking: {[1,10], [5,1], [4,3], [3,0], [0,5], [11,8], [6,6], [9,9], [2,7], [7,4], [8,2], [10,11]}, 2ms, valid
  PSO: {[0,10], [5,1], [2,2], [3,0], [1,4], [11,8], [6,6], [9,7], [4,5], [8,3], [7,1], [10,11]}, 50392ms, not valid, fitness = 1.0 (adj = 0, att = 1)

Level 30:
  Backtracking: {[5,9], [11,7], [4,2], [6,5], [1,1], [3,0], [8,6], [2,3], [9,8], [0,4], [7,10], [10,11]}, 1ms, valid
  PSO: {[4,9], [11,6], [8,0], [5,4], [1,1], [3,0], [7,2], [2,3], [10,8], [0,5], [6,10], [9,11]}, 49987ms, not valid, fitness = 1.0 (adj = 0, att = 1)

Level 31:
  Backtracking: {[5,10], [6,4], [4,6], [2,2], [0,8], [3,9], [7,11], [9,7], [1,0], [11,3], [8,5], [10,1]}, 1ms, valid
  PSO: {[2,7], [7,3], [5,8], [4,1], [1,11], [3,9], [6,10], [9,7], [0,0], [11,4], [8,5], [10,2]}, 49934ms, not valid, fitness = 1.0 (adj = 0, att = 1)

Level 32:
  Backtracking: {[1,9], [5,6], [6,2], [2,1], [0,7], [3,11], [7,0], [10,5], [4,4], [11,8], [9,10], [8,3]}, 3ms, valid
  PSO: {[4,9], [5,5], [6,2], [2,3], [1,8], [3,11], [10,0], [8,4], [7,6], [11,7], [9,10], [8,1]}, 49959ms, not valid, fitness = 1.0 (adj = 0, att = 1)

Level 33:
  Backtracking: {[3,6], [11,11], [7,3], [2,2], [0,1], [4,0], [6,7], [10,5], [1,4], [5,9], [9,8], [8,10]}, 0ms, valid
  PSO: {[4,5], [11,11], [6,2], [3,1], [0,3], [7,0], [8,6], [11,4], [2,8], [5,9], [10,7], [9,10]}, 50102ms, not valid, fitness = 1.0 (adj = 0, att = 1)

Level 34:
  Backtracking: {[3,9], [11,6], [5,2], [0,10], [2,4], [4,11], [8,1], [10,0], [6,7], [1,8], [7,5], [9,3]}, 0ms, valid
  PSO: {[3,9], [11,5], [5,2], [2,11], [0,4], [6,10], [8,1], [10,0], [4,6], [1,8], [9,7], [9,3]}, 49956ms, not valid, fitness = 1.0 (adj = 0, att = 1)

Level 35:
  Backtracking: {[3,11], [10,6], [9,8], [4,5], [0,1], [5,3], [8,10], [1,7], [7,2], [2,9], [11,4], [6,0]}, 1ms, valid
  PSO: {[4,11], [10,6], [9,8], [6,7], [0,1], [5,3], [9,10], [1,5], [7,2], [3,9], [11,4], [8,0]}, 50478ms, not valid, fitness = 1.0 (adj = 0, att = 1)

Level 36:
  Backtracking: {[4,11], [6,4], [5,0], [2,3], [1,6], [3,1], [9,5], [8,8], [11,2], [0,9], [7,10], [10,7]}, 0ms, valid
  PSO: {[4,11], [6,4], [5,0], [3,3], [2,6], [3,1], [9,5], [8,8], [11,2], [0,9], [7,10], [10,7]}, 50674ms, not valid, fitness = 1.0 (adj = 0, att = 1)

Level 37:
  Backtracking: {[0,10], [11,6], [4,11], [3,5], [1,3], [8,0], [9,9], [5,4], [6,2], [2,7], [10,1], [7,8]}, 1ms, valid
  PSO: {[0,10], [11,7], [3,11], [1,8], [2,0], [4,1], [10,5], [5,4], [6,2], [2,6], [9,3], [7,9]}, 50052ms, not valid, fitness = 1.0 (adj = 0, att = 1)

Level 38:
  Backtracking: {[2,6], [11,2], [5,10], [6,8], [1,0], [10,5], [9,3], [7,11], [4,1], [0,7], [8,9], [3,4]}, 1ms, valid
  PSO: {[2,6], [11,2], [7,9], [5,8], [4,0], [11,5], [9,3], [8,11], [6,1], [0,10], [10,7], [1,4]}, 50366ms, not valid, fitness = 1.0 (adj = 0, att = 1)

Level 39:
  Backtracking: {[3,5], [9,10], [5,4], [7,7], [0,0], [4,2], [6,11], [10,6], [1,3], [11,8], [8,1], [2,9]}, 1ms, valid
  PSO: {[3,4], [9,10], [5,7], [7,9], [0,0], [4,2], [6,11], [10,6], [1,5], [11,8], [8,3], [2,9]}, 50982ms, not valid, fitness = 1.0 (adj = 0, att = 1)

Level 40:
  Backtracking: {[4,3], [8,6], [5,9], [6,5], [0,8], [3,1], [1,2], [10,0], [11,7], [2,4], [9,10], [7,11]}, 1ms, valid
  PSO: {[4,3], [8,6], [5,9], [6,5], [3,10], [7,2], [1,1], [10,0], [11,7], [2,4], [11,11], [9,8]}, 49634ms, not valid, fitness = 1.0 (adj = 0, att = 1)

Level 41:
  Backtracking: {[3,2], [11,8], [4,7], [2,10], [1,4], [5,9], [7,3], [9,1], [6,0], [0,11], [10,6], [8,5]}, 0ms, valid
  PSO: {[3,2], [11,9], [5,8], [2,10], [1,5], [4,10], [7,3], [9,1], [6,0], [0,11], [10,7], [8,6]}, 48330ms, not valid, fitness = 1.0 (adj = 0, att = 1)

Level 42:
  Backtracking: {[6,8], [9,9], [4,4], [3,2], [0,6], [5,0], [7,10], [11,3], [1,1], [2,11], [10,5], [8,7]}, 1ms, valid
  PSO: {[6,8], [9,9], [4,4], [3,2], [0,6], [5,0], [7,11], [11,3], [1,1], [2,7], [10,5], [8,6]}, 48403ms, not valid, fitness = 1.0 (adj = 0, att = 1)

Level 43:
  Backtracking: {[6,1], [11,2], [5,5], [2,11], [0,0], [9,4], [4,10], [10,6], [1,3], [3,8], [8,7], [7,9]}, 1ms, valid
  PSO: {[3,1], [11,2], [5,5], [2,11], [0,0], [8,4], [4,10], [10,6], [1,3], [2,7], [9,8], [7,9]}, 48196ms, not valid, fitness = 1.0 (adj = 0, att = 1)

Level 44:
  Backtracking: {[3,4], [11,11], [9,6], [5,2], [0,5], [4,10], [6,7], [7,9], [2,0], [10,8], [8,1], [1,3]}, 0ms, valid
  PSO: {[3,3], [11,11], [9,6], [5,2], [0,5], [4,10], [6,7], [7,9], [2,0], [10,8], [8,1], [1,3]}, 48395ms, not valid, fitness = 1.0 (adj = 0, att = 1)

Level 45:
  Backtracking: {[1,9], [11,0], [8,10], [3,2], [0,6], [4,11], [5,1], [2,5], [10,3], [6,7], [7,4], [9,8]}, 0ms, valid
  PSO: {[3,9], [11,0], [8,10], [2,2], [0,5], [4,11], [6,1], [5,3], [9,0], [1,8], [7,4], [10,6]}, 48363ms, not valid, fitness = 1.0 (adj = 0, att = 1)

Level 46:
  Backtracking: {[1,9], [11,2], [8,3], [5,1], [0,11], [4,10], [7,7], [6,4], [3,8], [2,5], [9,6], [10,0]}, 0ms, valid
  PSO: {[5,9], [11,2], [8,3], [7,1], [0,10], [4,11], [7,7], [6,4], [3,8], [2,5], [9,6], [10,0]}, 48606ms, not valid, fitness = 1.0 (adj = 0, att = 1)

Level 47:
  Backtracking: {[2,6], [7,5], [5,1], [4,11], [0,7], [6,9], [8,10], [10,0], [1,4], [3,8], [11,3], [9,2]}, 1ms, valid
  PSO: {[5,5], [8,6], [7,4], [4,11], [0,7], [6,10], [10,9], [10,0], [1,1], [3,8], [11,3], [9,2]}, 48057ms, not valid, fitness = 1.0 (adj = 0, att = 1)

Level 48:
  Backtracking: {[6,3], [11,9], [3,4], [2,6], [1,1], [4,7], [7,11], [10,2], [0,5], [5,10], [8,8], [9,0]}, 1ms, valid
  PSO: {[6,3], [11,11], [4,4], [1,8], [2,1], [3,7], [8,11], [10,2], [0,5], [5,10], [7,9], [9,0]}, 48514ms, not valid, fitness = 1.0 (adj = 0, att = 1)

Level 49:
  Backtracking: {[8,5], [11,8], [5,3], [4,0], [0,10], [10,1], [6,6], [1,2], [7,11], [2,4], [9,7], [3,9]}, 1ms, valid
  PSO: {[2,5], [11,9], [10,2], [3,1], [0,10], [7,0], [6,6], [1,3], [8,11], [4,8], [9,7], [5,11]}, 48201ms, not valid, fitness = 1.0 (adj = 0, att = 1)

Level 50:
  Backtracking: {[3,4], [11,10], [4,11], [2,1], [0,7], [6,9], [5,5], [7,2], [9,6], [1,3], [10,8], [8,0]}, 0ms, valid
  PSO: {[3,6], [11,10], [5,11], [2,0], [0,7], [6,9], [8,4], [7,2], [10,5], [1,3], [10,8], [9,1]}, 48310ms, not valid, fitness = 1.0 (adj = 0, att = 1)

