======= 11x11 | Batch 2 =======
Level 51:
  Backtracking: {[3,8], [10,7], [6,3], [2,6], [5,1], [0,5], [9,10], [8,2], [7,9], [1,0], [4,4]}, 0ms, valid
  PSO: {[5,8], [10,7], [6,3], [2,6], [10,0], [0,9], [9,10], [8,5], [7,10], [3,1], [4,4]}, 4117ms, not valid, fitness = 2.0 (adj = 0, att = 2)

Level 52:
  Backtracking: {[3,0], [10,1], [5,4], [1,5], [7,2], [9,6], [6,8], [4,7], [0,3], [8,9], [2,10]}, 0ms, valid
  PSO: {[3,0], [10,1], [7,4], [1,5], [6,2], [9,6], [5,10], [4,7], [0,3], [8,9], [2,10]}, 4069ms, not valid, fitness = 1.0 (adj = 0, att = 1)

Level 53:
  Backtracking: {[10,8], [8,6], [2,0], [1,7], [4,5], [9,3], [3,2], [7,4], [0,10], [5,1], [6,9]}, 2ms, valid
  PSO: {[10,8], [7,7], [3,0], [4,10], [5,3], [9,4], [1,3], [6,5], [0,1], [8,2], [6,9]}, 4104ms, not valid, fitness = 2.0 (adj = 0, att = 2)

Level 54:
  Backtracking: {[7,8], [10,4], [5,0], [2,7], [6,2], [1,10], [9,1], [8,5], [4,9], [0,6], [3,3]}, 4ms, valid
  PSO: {[5,6], [10,4], [6,1], [2,7], [7,3], [0,10], [9,2], [8,5], [4,9], [1,4], [3,0]}, 4113ms, not valid, fitness = 1.0 (adj = 0, att = 1)

Level 55:
  Backtracking: {[2,4], [9,3], [4,2], [10,0], [8,7], [0,9], [6,8], [3,6], [1,1], [5,5], [7,10]}, 0ms, valid
  PSO: {[2,6], [9,9], [4,3], [10,0], [8,7], [0,6], [6,8], [1,8], [3,1], [5,5], [7,10]}, 4026ms, not valid, fitness = 2.0 (adj = 0, att = 2)

Level 56:
  Backtracking: {[5,2], [10,8], [7,3], [3,1], [4,4], [0,9], [2,6], [9,10], [8,5], [1,0], [6,7]}, 0ms, valid
  PSO: {[5,2], [8,9], [7,3], [3,1], [4,4], [0,10], [2,8], [10,10], [9,5], [1,0], [6,7]}, 4321ms, not valid, fitness = 1.0 (adj = 0, att = 1)

Level 57:
  Backtracking: {[3,9], [10,8], [7,2], [0,10], [6,4], [1,5], [9,6], [8,0], [5,7], [2,1], [4,3]}, 0ms, valid
  PSO: {[3,9], [10,10], [7,3], [1,10], [6,5], [2,7], [9,6], [8,1], [5,9], [4,0], [0,4]}, 4100ms, not valid, fitness = 2.0 (adj = 0, att = 2)

Level 58:
  Backtracking: {[5,9], [10,5], [6,4], [2,8], [7,2], [0,7], [9,3], [8,6], [4,0], [1,1], [3,10]}, 0ms, valid
  PSO: {[6,10], [10,5], [4,6], [2,8], [7,4], [0,7], [9,3], [8,9], [5,0], [4,2], [3,10]}, 4084ms, not valid, fitness = 2.0 (adj = 0, att = 2)

Level 59:
  Backtracking: {[4,9], [10,8], [6,4], [2,5], [5,1], [1,3], [9,0], [8,10], [7,2], [0,6], [3,7]}, 1ms, valid
  PSO: {[4,9], [10,8], [6,5], [2,9], [5,3], [0,0], [10,1], [9,10], [8,4], [1,6], [3,7]}, 4141ms, not valid, fitness = 2.0 (adj = 0, att = 2)

Level 60:
  Backtracking: {[4,8], [9,7], [7,0], [5,10], [3,1], [2,6], [8,3], [10,4], [6,2], [1,9], [0,5]}, 0ms, valid
  PSO: {[4,7], [9,6], [8,1], [4,9], [1,0], [3,5], [8,3], [10,4], [6,2], [2,8], [7,10]}, 3948ms, not valid, fitness = 2.0 (adj = 0, att = 2)

Level 61:
  Backtracking: {[3,2], [10,7], [7,4], [1,6], [4,10], [0,8], [9,3], [8,1], [5,5], [6,0], [2,9]}, 0ms, valid
  PSO: {[3,3], [9,8], [8,4], [7,7], [4,10], [0,9], [10,2], [8,1], [5,5], [1,0], [2,10]}, 4114ms, not valid, fitness = 2.0 (adj = 0, att = 2)

Level 62:
  Backtracking: {[3,4], [10,5], [5,9], [2,10], [4,7], [1,3], [9,1], [8,6], [7,0], [0,8], [6,2]}, 0ms, valid
  PSO: {[4,4], [10,3], [5,9], [3,7], [8,10], [2,1], [9,1], [7,6], [6,0], [0,5], [6,2]}, 4240ms, not valid, fitness = 2.0 (adj = 0, att = 2)

Level 63:
  Backtracking: {[3,0], [9,10], [7,1], [1,2], [4,4], [0,9], [10,8], [8,7], [6,3], [2,5], [5,6]}, 0ms, valid
  PSO: {[2,0], [9,10], [7,1], [1,4], [5,5], [0,9], [10,8], [8,7], [6,3], [4,9], [3,6]}, 4168ms, not valid, fitness = 1.0 (adj = 0, att = 1)

Level 64:
  Backtracking: {[3,1], [10,7], [5,0], [2,5], [6,8], [0,6], [9,2], [8,4], [7,10], [1,3], [4,9]}, 0ms, valid
  PSO: {[5,5], [9,8], [4,0], [3,7], [6,8], [1,6], [10,1], [8,4], [7,10], [2,3], [4,9]}, 4042ms, not valid, fitness = 2.0 (adj = 0, att = 2)

Level 65:
  Backtracking: {[2,5], [10,9], [5,7], [7,10], [6,1], [0,6], [9,0], [8,8], [4,4], [1,3], [3,2]}, 1ms, valid
  PSO: {[2,4], [10,9], [5,7], [3,10], [6,5], [0,6], [7,1], [8,8], [4,3], [1,2], [1,0]}, 4081ms, not valid, fitness = 1.0 (adj = 0, att = 1)

Level 66:
  Backtracking: {[3,0], [7,6], [5,9], [4,3], [8,2], [0,10], [10,7], [9,5], [6,4], [1,1], [2,8]}, 1ms, valid
  PSO: {[3,2], [7,6], [4,7], [1,3], [10,0], [0,10], [8,9], [9,5], [6,4], [0,1], [2,8]}, 4115ms, not valid, fitness = 1.0 (adj = 0, att = 1)

Level 67:
  Backtracking: {[4,7], [9,10], [5,9], [0,4], [3,0], [1,6], [10,2], [7,3], [2,8], [8,1], [6,5]}, 0ms, valid
  PSO: {[7,9], [9,10], [5,8], [3,4], [4,0], [0,6], [10,1], [8,7], [2,7], [1,3], [6,5]}, 4105ms, not valid, fitness = 1.0 (adj = 0, att = 1)

Level 68:
  Backtracking: {[3,10], [10,4], [9,9], [2,8], [4,3], [5,1], [8,7], [6,6], [7,0], [0,2], [1,5]}, 1ms, valid
  PSO: {[4,10], [10,4], [5,8], [3,2], [8,0], [0,1], [9,6], [7,7], [6,0], [0,3], [1,5]}, 4092ms, not valid, fitness = 2.0 (adj = 0, att = 2)

Level 69:
  Backtracking: {[2,2], [10,5], [5,10], [1,4], [8,9], [0,7], [9,3], [3,6], [4,1], [6,8], [7,0]}, 0ms, valid
  PSO: {[2,2], [10,5], [1,10], [3,4], [5,3], [0,7], [9,8], [3,6], [4,1], [6,9], [7,0]}, 4116ms, not valid, fitness = 1.0 (adj = 0, att = 1)

Level 70:
  Backtracking: {[2,7], [10,2], [8,5], [7,1], [3,10], [1,4], [5,8], [6,6], [9,0], [0,9], [4,3]}, 1ms, valid
  PSO: {[2,7], [8,3], [9,8], [5,0], [3,10], [1,5], [7,9], [6,6], [10,1], [0,10], [4,4]}, 4267ms, not valid, fitness = 1.0 (adj = 0, att = 1)

Level 71:
  Backtracking: {[2,5], [7,3], [8,1], [1,10], [4,2], [0,8], [9,9], [6,6], [10,4], [3,7], [5,0]}, 1ms, valid
  PSO: {[2,5], [8,7], [5,1], [1,10], [6,3], [0,8], [9,9], [7,5], [10,4], [4,6], [3,0]}, 4142ms, not valid, fitness = 1.0 (adj = 0, att = 1)

Level 72:
  Backtracking: {[6,4], [10,8], [4,9], [2,5], [5,7], [1,0], [8,1], [9,6], [7,10], [0,3], [3,2]}, 1ms, valid
  PSO: {[6,4], [10,9], [3,10], [2,8], [5,7], [7,1], [9,0], [10,5], [8,10], [0,2], [4,3]}, 4042ms, not valid, fitness = 2.0 (adj = 0, att = 2)

Level 73:
  Backtracking: {[3,6], [7,5], [5,4], [1,2], [4,1], [2,10], [10,7], [9,9], [6,0], [0,8], [8,3]}, 0ms, valid
  PSO: {[3,8], [8,5], [4,6], [0,2], [4,1], [1,10], [10,7], [9,9], [2,0], [5,9], [6,4]}, 4071ms, not valid, fitness = 2.0 (adj = 0, att = 2)

Level 74:
  Backtracking: {[4,4], [10,3], [7,1], [1,0], [5,10], [2,5], [8,9], [9,7], [6,8], [0,6], [3,2]}, 0ms, valid
  PSO: {[8,5], [9,3], [7,1], [2,0], [5,10], [1,4], [8,10], [10,9], [6,8], [0,7], [3,2]}, 4124ms, not valid, fitness = 2.0 (adj = 0, att = 2)

Level 75:
  Backtracking: {[3,7], [10,0], [6,8], [2,4], [4,1], [1,2], [9,9], [7,10], [5,6], [8,3], [0,5]}, 0ms, valid
  PSO: {[3,6], [9,0], [5,10], [2,4], [4,1], [0,3], [8,9], [7,10], [10,5], [6,2], [1,7]}, 4085ms, not valid, fitness = 2.0 (adj = 1, att = 1)

Level 76:
  Backtracking: {[3,4], [10,7], [4,0], [2,6], [5,2], [6,8], [7,10], [8,5], [1,9], [0,1], [9,3]}, 1ms, valid
  PSO: {[3,4], [10,7], [7,0], [4,8], [6,2], [5,6], [9,10], [8,5], [2,9], [0,1], [9,3]}, 4159ms, not valid, fitness = 1.0 (adj = 0, att = 1)

Level 77:
  Backtracking: {[4,1], [9,3], [8,10], [0,4], [5,8], [1,2], [7,5], [10,6], [6,0], [3,9], [2,7]}, 1ms, valid
  PSO: {[2,2], [9,3], [10,9], [1,5], [5,8], [3,4], [7,5], [10,6], [8,1], [0,7], [4,10]}, 4112ms, not valid, fitness = 2.0 (adj = 0, att = 2)

Level 78:
  Backtracking: {[4,8], [9,7], [7,5], [3,6], [5,2], [1,1], [6,0], [2,9], [8,3], [0,10], [10,4]}, 1ms, valid
  PSO: {[4,8], [9,7], [6,6], [2,6], [5,1], [3,2], [7,0], [10,9], [8,3], [1,4], [9,5]}, 4117ms, not valid, fitness = 2.0 (adj = 0, att = 2)

Level 79:
  Backtracking: {[4,1], [7,4], [6,2], [2,6], [5,5], [1,0], [8,10], [9,3], [10,8], [0,7], [3,9]}, 0ms, valid
  PSO: {[5,0], [8,4], [7,2], [2,7], [6,6], [3,1], [9,10], [10,3], [10,8], [1,9], [4,5]}, 4051ms, not valid, fitness = 1.0 (adj = 0, att = 1)

Level 80:
  Backtracking: {[3,8], [10,0], [6,7], [1,1], [9,2], [4,10], [8,6], [7,9], [5,4], [0,3], [2,5]}, 0ms, valid
  PSO: {[1,9], [10,0], [5,8], [2,1], [9,4], [4,10], [8,6], [7,10], [6,5], [0,3], [3,7]}, 4186ms, not valid, fitness = 1.0 (adj = 0, att = 1)

Level 81:
  Backtracking: {[9,10], [10,3], [5,7], [1,8], [4,2], [3,0], [6,4], [8,1], [7,9], [0,5], [2,6]}, 0ms, valid
  PSO: {[10,10], [8,5], [5,7], [0,8], [4,3], [3,0], [6,4], [9,1], [7,9], [1,4], [2,6]}, 4190ms, not valid, fitness = 1.0 (adj = 0, att = 1)

Level 82:
  Backtracking: {[3,4], [10,9], [5,2], [1,3], [6,7], [2,10], [9,1], [7,0], [8,5], [0,6], [4,8]}, 1ms, valid
  PSO: {[4,4], [10,9], [10,3], [1,2], [6,7], [5,10], [9,1], [7,0], [7,5], [0,6], [8,8]}, 4107ms, not valid, fitness = 2.0 (adj = 0, att = 2)

Level 83:
  Backtracking: {[2,7], [6,4], [8,0], [3,10], [4,8], [1,5], [10,3], [7,2], [9,9], [0,1], [5,6]}, 0ms, valid
  PSO: {[3,7], [9,5], [4,0], [1,9], [5,10], [0,6], [10,3], [7,2], [8,10], [2,1], [6,8]}, 4007ms, not valid, fitness = 1.0 (adj = 0, att = 1)

Level 84:
  Backtracking: {[4,9], [9,10], [6,6], [3,1], [5,3], [0,7], [8,4], [7,2], [10,5], [1,0], [2,8]}, 0ms, valid
  PSO: {[4,10], [8,10], [5,6], [3,4], [7,3], [1,7], [10,8], [9,1], [10,5], [0,0], [2,9]}, 4064ms, not valid, fitness = 2.0 (adj = 0, att = 2)

Level 85:
  Backtracking: {[3,4], [10,8], [6,6], [1,5], [7,10], [4,1], [9,3], [8,7], [5,9], [0,0], [2,2]}, 1ms, valid
  PSO: {[4,5], [10,8], [6,6], [0,6], [7,10], [6,1], [9,3], [8,7], [5,9], [1,2], [3,0]}, 3960ms, not valid, fitness = 2.0 (adj = 0, att = 2)

Level 86:
  Backtracking: {[4,0], [10,9], [7,10], [2,7], [5,3], [9,1], [1,4], [0,6], [6,5], [3,2], [8,8]}, 1ms, valid
  PSO: {[4,0], [10,9], [7,10], [2,7], [6,6], [9,2], [2,5], [0,6], [5,4], [1,3], [8,8]}, 4166ms, not valid, fitness = 2.0 (adj = 0, att = 2)

Level 87:
  Backtracking: {[4,4], [10,10], [5,9], [2,3], [8,5], [0,2], [9,8], [7,7], [6,1], [1,0], [3,6]}, 1ms, valid
  PSO: {[4,5], [10,10], [5,9], [2,3], [8,5], [1,6], [9,8], [7,7], [6,0], [0,1], [3,10]}, 4130ms, not valid, fitness = 2.0 (adj = 0, att = 2)

Level 88:
  Backtracking: {[4,8], [10,5], [3,6], [1,0], [7,4], [0,10], [9,3], [8,1], [6,7], [2,9], [5,2]}, 0ms, valid
  PSO: {[4,8], [10,5], [5,6], [1,0], [7,4], [0,10], [9,3], [8,1], [7,7], [2,9], [6,2]}, 4126ms, not valid, fitness = 1.0 (adj = 0, att = 1)

Level 89:
  Backtracking: {[7,1], [10,2], [4,10], [2,6], [3,4], [5,7], [8,8], [6,9], [0,5], [1,3], [9,0]}, 1ms, valid
  PSO: {[0,2], [8,4], [4,9], [2,6], [3,3], [7,7], [9,10], [6,9], [1,8], [5,5], [10,0]}, 4085ms, not valid, fitness = 1.0 (adj = 0, att = 1)

Level 90:
  Backtracking: {[3,3], [10,9], [4,1], [2,5], [8,2], [1,0], [9,7], [6,8], [5,10], [0,4], [7,6]}, 0ms, valid
  PSO: {[3,4], [10,9], [4,2], [0,7], [7,1], [1,0], [8,3], [6,8], [5,10], [0,5], [2,6]}, 4074ms, not valid, fitness = 1.0 (adj = 0, att = 1)

Level 91:
  Backtracking: {[6,8], [8,4], [4,7], [9,1], [2,2], [7,6], [1,5], [10,3], [5,10], [0,9], [3,0]}, 0ms, valid
  PSO: {[9,9], [10,6], [4,7], [8,0], [2,3], [7,8], [1,5], [6,4], [5,10], [0,9], [3,1]}, 4031ms, not valid, fitness = 1.0 (adj = 0, att = 1)

Level 92:
  Backtracking: {[9,9], [10,3], [6,1], [1,10], [5,5], [2,8], [8,2], [4,0], [7,4], [0,7], [3,6]}, 0ms, valid
  PSO: {[10,10], [10,4], [7,1], [3,9], [4,5], [2,3], [9,2], [5,0], [8,6], [1,7], [6,8]}, 4133ms, not valid, fitness = 1.0 (adj = 0, att = 1)

Level 93:
  Backtracking: {[2,5], [5,8], [7,4], [3,7], [6,2], [0,6], [8,1], [9,9], [10,0], [1,3], [4,10]}, 1ms, valid
  PSO: {[2,6], [6,9], [5,4], [0,8], [3,3], [0,5], [8,1], [9,10], [10,0], [1,2], [4,10]}, 4038ms, not valid, fitness = 2.0 (adj = 0, att = 2)

Level 94:
  Backtracking: {[2,6], [10,2], [7,9], [1,10], [6,0], [3,3], [9,4], [8,1], [4,7], [0,8], [5,5]}, 0ms, valid
  PSO: {[2,7], [10,4], [6,9], [1,10], [9,2], [3,3], [8,6], [7,3], [4,7], [0,8], [5,5]}, 4036ms, not valid, fitness = 2.0 (adj = 0, att = 2)

Level 95:
  Backtracking: {[3,8], [9,6], [7,9], [1,5], [5,7], [0,3], [10,1], [6,4], [2,0], [8,2], [4,10]}, 0ms, valid
  PSO: {[3,4], [8,6], [9,8], [1,5], [5,7], [0,3], [10,1], [7,2], [2,0], [6,0], [5,9]}, 4104ms, not valid, fitness = 2.0 (adj = 0, att = 2)

Level 96:
  Backtracking: {[6,1], [8,8], [4,0], [2,5], [3,3], [0,7], [9,6], [7,10], [10,4], [1,2], [5,9]}, 0ms, valid
  PSO: {[9,0], [8,8], [5,0], [2,5], [4,4], [0,7], [8,6], [6,10], [7,2], [1,3], [3,9]}, 4160ms, not valid, fitness = 2.0 (adj = 0, att = 2)

Level 97:
  Backtracking: {[4,8], [10,10], [9,5], [2,3], [6,7], [0,4], [7,2], [5,0], [8,9], [1,1], [3,6]}, 1ms, valid
  PSO: {[4,8], [10,10], [9,5], [2,4], [5,6], [0,7], [7,3], [6,0], [8,9], [1,1], [3,6]}, 4050ms, not valid, fitness = 1.0 (adj = 0, att = 1)

Level 98:
  Backtracking: {[3,0], [10,6], [8,7], [5,2], [4,8], [1,5], [2,9], [6,4], [7,1], [0,3], [9,10]}, 0ms, valid
  PSO: {[6,0], [10,6], [8,6], [7,4], [4,7], [3,5], [5,9], [2,2], [8,1], [1,10], [9,8]}, 4105ms, not valid, fitness = 2.0 (adj = 0, att = 2)

Level 99:
  Backtracking: {[5,8], [9,5], [7,9], [2,0], [3,2], [1,6], [8,7], [10,3], [4,10], [0,1], [6,4]}, 0ms, valid
  PSO: {[2,6], [8,4], [7,8], [1,1], [3,2], [0,7], [9,9], [6,3], [4,10], [0,0], [5,5]}, 4108ms, not valid, fitness = 2.0 (adj = 1, att = 1)

Level 100:
  Backtracking: {[3,9], [10,7], [7,2], [4,3], [6,6], [0,8], [9,1], [8,4], [5,0], [1,10], [2,5]}, 0ms, valid
  PSO: {[4,9], [10,7], [7,2], [5,3], [6,6], [0,8], [9,1], [8,4], [7,0], [1,10], [3,5]}, 4024ms, not valid, fitness = 1.0 (adj = 0, att = 1)

