======= 11x11 | Batch 5 =======
Level 201:
  Backtracking: {[3,7], [9,0], [4,4], [1,1], [8,9], [7,2], [6,8], [10,6], [5,10], [0,5], [2,3]}, 4ms, valid
  PSO: {[3,9], [9,0], [4,5], [1,1], [8,10], [6,2], [7,8], [10,6], [5,10], [0,7], [2,4]}, 6595ms, not valid, fitness = 1.0 (adj = 0, att = 1)

Level 202:
  Backtracking: {[4,10], [9,7], [7,9], [5,1], [6,3], [0,5], [10,2], [1,8], [3,4], [8,0], [2,6]}, 1ms, valid
  PSO: {[4,10], [8,6], [7,9], [5,1], [6,3], [1,4], [9,2], [2,7], [9,8], [10,0], [3,5]}, 6737ms, not valid, fitness = 1.0 (adj = 0, att = 1)

Level 203:
  Backtracking: {[5,1], [10,9], [6,7], [2,2], [9,4], [1,5], [8,10], [4,8], [7,0], [0,3], [3,6]}, 0ms, valid
  PSO: {[5,1], [10,8], [6,7], [3,2], [9,3], [2,4], [8,10], [5,9], [7,0], [1,6], [4,5]}, 6454ms, not valid, fitness = 1.0 (adj = 0, att = 1)

Level 204:
  Backtracking: {[4,2], [7,10], [6,6], [2,3], [5,0], [1,7], [10,9], [8,8], [9,1], [0,4], [3,5]}, 0ms, valid
  PSO: {[8,4], [7,8], [6,6], [3,3], [5,1], [2,9], [9,10], [10,7], [9,2], [0,0], [4,5]}, 6567ms, not valid, fitness = 1.0 (adj = 0, att = 1)

Level 205:
  Backtracking: {[4,4], [7,3], [6,5], [2,6], [3,10], [5,8], [9,7], [10,1], [8,9], [0,2], [1,0]}, 1ms, valid
  PSO: {[4,4], [7,3], [6,5], [2,6], [3,10], [5,8], [9,7], [10,1], [10,9], [0,2], [1,0]}, 6641ms, not valid, fitness = 1.0 (adj = 0, att = 1)

Level 206:
  Backtracking: {[4,2], [9,6], [5,0], [1,1], [7,10], [2,9], [8,8], [10,3], [6,5], [0,4], [3,7]}, 1ms, valid
  PSO: {[8,2], [9,7], [5,0], [1,4], [7,9], [4,10], [10,10], [10,3], [6,5], [0,8], [3,6]}, 6641ms, not valid, fitness = 2.0 (adj = 0, att = 2)

Level 207:
  Backtracking: {[3,10], [10,0], [5,2], [0,4], [6,6], [9,9], [8,1], [2,3], [7,8], [1,7], [4,5]}, 0ms, valid
  PSO: {[4,10], [10,0], [6,3], [2,5], [5,6], [9,9], [8,2], [3,1], [7,7], [0,8], [10,4]}, 6584ms, not valid, fitness = 1.0 (adj = 0, att = 1)

Level 208:
  Backtracking: {[5,9], [10,8], [6,1], [1,2], [3,10], [8,6], [9,4], [2,0], [4,7], [0,5], [7,3]}, 0ms, valid
  PSO: {[5,9], [10,8], [6,1], [2,5], [3,10], [8,6], [9,4], [0,2], [4,7], [1,8], [7,3]}, 6831ms, not valid, fitness = 1.0 (adj = 0, att = 1)

Level 209:
  Backtracking: {[4,7], [10,6], [3,9], [2,5], [6,4], [0,10], [9,0], [8,3], [7,8], [1,1], [5,2]}, 1ms, valid
  PSO: {[3,7], [10,5], [2,9], [1,6], [8,6], [0,10], [9,0], [7,4], [6,8], [0,1], [5,3]}, 6833ms, not valid, fitness = 2.0 (adj = 0, att = 2)

Level 210:
  Backtracking: {[5,2], [10,9], [6,0], [0,7], [4,6], [1,4], [7,8], [3,1], [8,3], [9,5], [2,10]}, 4ms, valid
  PSO: {[5,0], [10,10], [9,2], [0,9], [3,7], [4,5], [7,8], [1,1], [6,4], [8,6], [2,10]}, 6559ms, not valid, fitness = 1.0 (adj = 0, att = 1)

Level 211:
  Backtracking: {[3,1], [10,10], [6,6], [4,3], [5,0], [1,2], [9,5], [8,9], [7,4], [0,7], [2,8]}, 1ms, valid
  PSO: {[7,1], [10,10], [6,6], [3,4], [5,0], [2,2], [10,5], [8,8], [9,3], [0,7], [4,9]}, 6491ms, not valid, fitness = 1.0 (adj = 0, att = 1)

Level 212:
  Backtracking: {[4,5], [8,4], [6,0], [5,2], [2,10], [1,1], [9,7], [10,9], [7,6], [0,3], [3,8]}, 0ms, valid
  PSO: {[5,6], [9,3], [7,1], [4,4], [6,10], [2,2], [10,7], [10,9], [8,7], [0,5], [3,8]}, 6631ms, not valid, fitness = 2.0 (adj = 0, att = 2)

Level 213:
  Backtracking: {[5,3], [9,8], [6,6], [1,1], [4,7], [0,10], [10,4], [2,9], [7,0], [8,2], [3,5]}, 0ms, valid
  PSO: {[6,2], [9,8], [7,6], [2,1], [4,7], [1,9], [10,3], [5,10], [8,4], [9,0], [3,5]}, 6517ms, not valid, fitness = 1.0 (adj = 0, att = 1)

Level 214:
  Backtracking: {[4,2], [9,9], [6,3], [1,4], [8,5], [3,8], [10,6], [5,0], [7,7], [0,1], [2,10]}, 0ms, valid
  PSO: {[5,2], [10,9], [9,3], [1,4], [8,5], [6,10], [10,6], [4,0], [7,7], [0,1], [2,8]}, 6598ms, not valid, fitness = 1.0 (adj = 0, att = 1)

Level 215:
  Backtracking: {[3,7], [10,8], [8,5], [2,9], [7,0], [1,3], [9,2], [6,6], [5,4], [0,1], [4,10]}, 1ms, valid
  PSO: {[5,8], [10,5], [8,4], [2,9], [9,0], [3,3], [6,1], [7,7], [8,2], [0,6], [4,10]}, 6539ms, not valid, fitness = 1.0 (adj = 0, att = 1)

Level 216:
  Backtracking: {[9,0], [10,4], [2,7], [7,1], [3,9], [0,8], [4,2], [8,5], [6,3], [5,6], [1,10]}, 0ms, valid
  PSO: {[9,0], [10,5], [2,7], [7,2], [3,9], [0,8], [4,3], [8,6], [6,4], [5,6], [1,10]}, 6509ms, not valid, fitness = 1.0 (adj = 0, att = 1)

Level 217:
  Backtracking: {[5,0], [6,5], [9,1], [1,8], [3,9], [0,10], [10,3], [8,4], [7,7], [2,2], [4,6]}, 1ms, valid
  PSO: {[4,1], [9,6], [6,2], [1,8], [3,9], [0,10], [10,3], [8,4], [5,7], [1,0], [7,10]}, 6459ms, not valid, fitness = 2.0 (adj = 0, att = 2)

Level 218:
  Backtracking: {[3,5], [8,10], [6,3], [2,0], [9,7], [1,4], [0,6], [4,9], [10,2], [7,8], [5,1]}, 1ms, valid
  PSO: {[3,5], [8,10], [7,1], [1,0], [9,7], [2,8], [0,8], [4,9], [10,3], [6,7], [5,2]}, 6596ms, not valid, fitness = 2.0 (adj = 0, att = 2)

Level 219:
  Backtracking: {[5,6], [9,0], [6,4], [1,7], [4,10], [3,2], [8,3], [7,1], [10,8], [0,5], [2,9]}, 0ms, valid
  PSO: {[4,6], [10,1], [6,5], [3,4], [4,10], [5,0], [8,4], [7,2], [9,9], [0,3], [2,8]}, 6753ms, not valid, fitness = 2.0 (adj = 0, att = 2)

Level 220:
  Backtracking: {[4,2], [10,6], [7,1], [2,4], [3,9], [0,8], [6,3], [5,5], [9,0], [8,7], [1,10]}, 0ms, valid
  PSO: {[1,1], [10,2], [7,1], [2,4], [4,8], [0,7], [6,3], [5,5], [9,0], [3,6], [8,10]}, 6688ms, not valid, fitness = 1.0 (adj = 0, att = 1)

Level 221:
  Backtracking: {[4,8], [10,10], [6,2], [2,5], [5,0], [7,9], [9,3], [0,4], [8,6], [3,1], [1,7]}, 0ms, valid
  PSO: {[4,8], [10,10], [5,6], [2,5], [7,1], [7,9], [9,3], [0,4], [8,7], [3,0], [1,7]}, 6603ms, not valid, fitness = 2.0 (adj = 0, att = 2)

Level 222:
  Backtracking: {[3,6], [10,7], [5,8], [4,10], [7,2], [0,5], [9,1], [8,4], [2,9], [1,3], [6,0]}, 0ms, valid
  PSO: {[4,6], [9,9], [5,8], [0,10], [3,4], [0,5], [10,2], [8,7], [2,9], [1,3], [6,0]}, 6562ms, not valid, fitness = 2.0 (adj = 0, att = 2)

Level 223:
  Backtracking: {[4,10], [9,3], [7,9], [2,0], [5,2], [0,1], [8,7], [10,6], [6,5], [1,4], [3,8]}, 0ms, valid
  PSO: {[8,10], [7,7], [5,7], [7,0], [4,3], [1,1], [9,8], [10,6], [6,5], [0,4], [3,9]}, 6601ms, not valid, fitness = 2.0 (adj = 0, att = 2)

Level 224:
  Backtracking: {[2,8], [5,5], [7,7], [4,0], [8,2], [1,10], [6,3], [9,9], [0,4], [10,1], [3,6]}, 1ms, valid
  PSO: {[2,10], [5,5], [6,8], [2,1], [4,2], [0,9], [7,4], [8,7], [1,5], [9,0], [3,6]}, 6611ms, not valid, fitness = 2.0 (adj = 0, att = 2)

Level 225:
  Backtracking: {[4,6], [9,9], [6,10], [3,0], [5,8], [8,1], [10,3], [0,4], [7,5], [1,7], [2,2]}, 0ms, valid
  PSO: {[6,7], [10,6], [7,10], [3,0], [5,9], [9,1], [10,3], [0,5], [8,4], [1,8], [2,2]}, 6598ms, not valid, fitness = 1.0 (adj = 0, att = 1)

Level 226:
  Backtracking: {[2,7], [9,8], [7,3], [1,0], [6,5], [3,9], [8,10], [4,6], [5,2], [0,4], [10,1]}, 1ms, valid
  PSO: {[2,7], [10,8], [7,3], [1,0], [6,5], [3,10], [8,9], [4,6], [5,2], [0,5], [9,4]}, 6725ms, not valid, fitness = 1.0 (adj = 0, att = 1)

Level 227:
  Backtracking: {[4,9], [9,2], [7,3], [5,1], [3,7], [0,8], [10,0], [8,5], [6,10], [2,4], [1,6]}, 0ms, valid
  PSO: {[4,10], [9,1], [8,9], [6,0], [3,7], [0,8], [10,2], [7,5], [5,8], [2,4], [1,6]}, 6533ms, not valid, fitness = 2.0 (adj = 1, att = 1)

Level 228:
  Backtracking: {[5,1], [9,10], [6,7], [2,9], [4,5], [7,3], [10,4], [1,6], [8,8], [0,2], [3,0]}, 23ms, valid
  PSO: {[4,2], [10,8], [6,7], [2,9], [5,4], [8,1], [9,3], [1,6], [7,5], [0,0], [3,0]}, 6693ms, not valid, fitness = 1.0 (adj = 0, att = 1)

Level 229:
  Backtracking: {[5,5], [10,7], [9,1], [3,0], [6,9], [2,10], [8,6], [7,4], [4,3], [0,2], [1,8]}, 0ms, valid
  PSO: {[5,5], [10,4], [4,2], [3,0], [7,7], [0,8], [9,10], [8,3], [1,6], [0,1], [2,9]}, 6898ms, not valid, fitness = 1.0 (adj = 0, att = 1)

Level 230:
  Backtracking: {[4,9], [10,2], [6,4], [5,6], [7,7], [2,5], [9,10], [8,3], [1,8], [0,0], [3,1]}, 1ms, valid
  PSO: {[4,9], [10,2], [6,4], [5,6], [7,7], [2,5], [9,10], [8,3], [1,8], [0,3], [3,1]}, 6640ms, not valid, fitness = 1.0 (adj = 0, att = 1)

Level 231:
  Backtracking: {[4,6], [10,2], [7,7], [0,9], [6,3], [3,8], [9,0], [8,4], [1,5], [5,1], [2,10]}, 0ms, valid
  PSO: {[4,2], [10,5], [5,6], [0,9], [6,3], [3,7], [9,1], [8,4], [1,4], [7,0], [2,10]}, 6666ms, not valid, fitness = 1.0 (adj = 0, att = 1)

Level 232:
  Backtracking: {[6,0], [9,4], [5,3], [1,1], [4,9], [8,7], [2,10], [7,5], [10,8], [0,6], [3,2]}, 2ms, valid
  PSO: {[6,1], [9,7], [5,4], [0,0], [4,9], [8,4], [2,10], [7,6], [10,10], [1,8], [3,3]}, 6561ms, not valid, fitness = 2.0 (adj = 0, att = 2)

Level 233:
  Backtracking: {[5,7], [10,1], [6,10], [2,0], [4,4], [1,2], [9,6], [7,8], [0,5], [8,3], [3,9]}, 1ms, valid
  PSO: {[5,7], [10,0], [6,10], [3,2], [5,5], [1,3], [9,6], [7,8], [2,8], [8,4], [4,9]}, 6791ms, not valid, fitness = 2.0 (adj = 0, att = 2)

Level 234:
  Backtracking: {[6,6], [9,9], [5,10], [2,1], [4,4], [1,5], [8,3], [7,8], [10,2], [0,0], [3,7]}, 3ms, valid
  PSO: {[6,5], [10,9], [5,10], [3,0], [4,4], [0,7], [9,3], [8,6], [7,1], [1,0], [2,8]}, 6650ms, not valid, fitness = 1.0 (adj = 0, att = 1)

Level 235:
  Backtracking: {[7,5], [10,9], [4,3], [2,4], [5,6], [1,2], [6,0], [8,10], [9,7], [0,8], [3,1]}, 0ms, valid
  PSO: {[7,5], [9,8], [4,3], [2,4], [5,6], [1,2], [8,0], [8,10], [10,5], [0,9], [3,1]}, 6589ms, not valid, fitness = 2.0 (adj = 0, att = 2)

Level 236:
  Backtracking: {[3,0], [9,4], [8,2], [5,5], [4,8], [1,1], [6,9], [7,7], [10,10], [0,6], [2,3]}, 0ms, valid
  PSO: {[3,0], [9,4], [8,2], [6,5], [4,6], [1,1], [10,8], [7,7], [10,10], [5,9], [2,3]}, 6740ms, not valid, fitness = 1.0 (adj = 0, att = 1)

Level 237:
  Backtracking: {[1,10], [10,7], [5,3], [2,4], [6,1], [4,0], [8,6], [7,8], [9,9], [0,5], [3,2]}, 0ms, valid
  PSO: {[0,10], [10,7], [5,3], [2,4], [6,5], [4,0], [8,6], [7,8], [9,9], [1,7], [3,2]}, 6602ms, not valid, fitness = 1.0 (adj = 0, att = 1)

Level 238:
  Backtracking: {[3,9], [9,1], [7,4], [2,6], [5,10], [1,0], [10,3], [6,2], [8,8], [0,7], [4,5]}, 0ms, valid
  PSO: {[3,9], [10,2], [10,4], [4,6], [5,10], [2,1], [8,3], [9,0], [8,8], [1,7], [7,5]}, 6570ms, not valid, fitness = 2.0 (adj = 0, att = 2)

Level 239:
  Backtracking: {[0,10], [9,0], [5,5], [4,2], [2,6], [8,3], [6,7], [7,1], [10,4], [1,8], [3,9]}, 1ms, valid
  PSO: {[0,10], [9,1], [5,5], [4,2], [2,6], [8,3], [6,7], [7,1], [10,4], [1,8], [3,9]}, 6741ms, not valid, fitness = 1.0 (adj = 0, att = 1)

Level 240:
  Backtracking: {[5,9], [10,7], [8,8], [1,4], [4,3], [2,0], [9,5], [7,6], [6,2], [0,1], [3,10]}, 0ms, valid
  PSO: {[5,9], [10,8], [8,10], [2,4], [5,6], [4,1], [9,5], [7,7], [6,3], [1,2], [3,10]}, 6559ms, not valid, fitness = 2.0 (adj = 0, att = 2)

Level 241:
  Backtracking: {[1,9], [10,3], [7,4], [3,5], [5,8], [0,6], [9,7], [8,1], [6,10], [2,2], [4,0]}, 1ms, valid
  PSO: {[0,9], [10,5], [7,4], [4,3], [5,8], [1,0], [10,7], [8,2], [9,10], [2,2], [6,1]}, 6613ms, not valid, fitness = 2.0 (adj = 0, att = 2)

Level 242:
  Backtracking: {[4,3], [8,8], [5,9], [3,6], [6,2], [1,4], [10,7], [7,5], [9,10], [0,0], [2,1]}, 1ms, valid
  PSO: {[4,4], [8,8], [6,9], [3,6], [5,1], [2,3], [10,7], [7,5], [9,10], [0,2], [8,0]}, 6635ms, not valid, fitness = 1.0 (adj = 0, att = 1)

Level 243:
  Backtracking: {[4,3], [9,0], [6,7], [2,10], [5,5], [1,8], [10,6], [8,2], [7,9], [0,4], [3,1]}, 0ms, valid
  PSO: {[4,3], [10,0], [7,6], [2,10], [5,5], [1,8], [9,7], [10,2], [8,9], [0,4], [3,1]}, 6595ms, not valid, fitness = 1.0 (adj = 0, att = 1)

Level 244:
  Backtracking: {[3,7], [9,10], [6,0], [1,6], [5,3], [0,4], [10,8], [8,5], [4,1], [2,9], [7,2]}, 0ms, valid
  PSO: {[3,7], [9,10], [6,2], [1,6], [5,0], [0,4], [10,8], [8,5], [4,3], [2,9], [8,1]}, 6637ms, not valid, fitness = 1.0 (adj = 0, att = 1)

Level 245:
  Backtracking: {[3,4], [10,7], [6,8], [4,10], [1,0], [5,5], [7,1], [8,9], [9,3], [0,6], [2,2]}, 0ms, valid
  PSO: {[3,4], [9,8], [7,8], [5,9], [4,0], [0,5], [10,1], [8,10], [6,6], [1,7], [2,2]}, 6649ms, not valid, fitness = 1.0 (adj = 0, att = 1)

Level 246:
  Backtracking: {[2,1], [10,3], [7,4], [3,6], [5,5], [0,2], [6,8], [8,7], [9,0], [1,9], [4,10]}, 0ms, valid
  PSO: {[5,2], [10,3], [7,4], [6,9], [4,5], [1,1], [8,8], [7,6], [9,0], [2,7], [3,10]}, 6577ms, not valid, fitness = 1.0 (adj = 0, att = 1)

Level 247:
  Backtracking: {[4,0], [10,7], [6,5], [5,10], [2,1], [7,8], [9,3], [0,2], [8,6], [1,4], [3,9]}, 0ms, valid
  PSO: {[4,0], [10,7], [6,5], [10,10], [2,1], [7,8], [9,3], [0,2], [8,6], [1,4], [3,9]}, 6764ms, not valid, fitness = 1.0 (adj = 0, att = 1)

Level 248:
  Backtracking: {[4,6], [10,9], [9,1], [3,3], [6,7], [1,2], [8,10], [5,4], [7,0], [0,5], [2,8]}, 0ms, valid
  PSO: {[4,6], [10,9], [9,3], [3,2], [6,7], [1,2], [8,10], [5,4], [7,0], [0,5], [2,8]}, 6705ms, not valid, fitness = 1.0 (adj = 0, att = 1)

Level 249:
  Backtracking: {[1,3], [10,2], [6,1], [2,5], [4,4], [7,6], [9,7], [8,0], [5,10], [0,8], [3,9]}, 0ms, valid
  PSO: {[1,4], [10,3], [8,1], [3,6], [5,5], [2,2], [9,7], [10,0], [6,10], [7,8], [4,9]}, 6692ms, not valid, fitness = 1.0 (adj = 0, att = 1)

Level 250:
  Backtracking: {[9,8], [7,4], [3,10], [2,2], [5,3], [1,9], [10,5], [8,6], [6,0], [0,1], [4,7]}, 0ms, valid
  PSO: {[10,7], [7,4], [6,9], [3,3], [9,2], [1,10], [10,5], [8,6], [5,0], [2,1], [4,8]}, 6653ms, not valid, fitness = 1.0 (adj = 0, att = 1)

