======= 12x12 | Batch 2 =======
Level 51:
  Backtracking: {[3,4], [11,6], [7,3], [5,2], [0,7], [4,8], [8,5], [10,0], [1,9], [2,1], [9,10], [6,11]}, 1ms, valid
  PSO: {[3,4], [11,6], [10,3], [6,2], [0,7], [4,9], [8,5], [11,1], [1,10], [2,0], [9,11], [10,8]}, 7164ms, not valid, fitness = 2.0 (adj = 0, att = 2)

Level 52:
  Backtracking: {[8,7], [11,4], [3,8], [5,2], [7,0], [2,10], [4,5], [10,1], [1,6], [9,3], [6,9], [0,11]}, 3ms, valid
  PSO: {[9,9], [11,5], [3,8], [5,2], [0,1], [2,10], [7,6], [10,0], [1,7], [8,3], [6,11], [4,11]}, 7091ms, not valid, fitness = 1.0 (adj = 0, att = 1)

Level 53:
  Backtracking: {[9,6], [10,11], [1,4], [0,9], [11,7], [5,10], [8,1], [6,0], [7,8], [3,5], [4,3], [2,2]}, 0ms, valid
  PSO: {[10,4], [9,10], [1,4], [5,6], [11,7], [0,11], [8,1], [6,0], [7,8], [3,5], [4,3], [2,2]}, 7124ms, not valid, fitness = 1.0 (adj = 0, att = 1)

Level 54:
  Backtracking: {[1,11], [8,2], [6,3], [5,5], [2,0], [4,10], [7,8], [11,7], [3,6], [10,4], [9,9], [0,1]}, 0ms, valid
  PSO: {[0,10], [8,4], [6,3], [9,7], [2,0], [5,11], [7,8], [11,7], [4,6], [11,1], [10,9], [1,5]}, 7266ms, not valid, fitness = 2.0 (adj = 0, att = 2)

Level 55:
  Backtracking: {[2,4], [6,0], [3,1], [0,5], [1,9], [4,10], [7,8], [10,3], [5,2], [8,11], [11,6], [9,7]}, 0ms, valid
  PSO: {[5,6], [6,0], [3,1], [0,5], [2,11], [4,10], [7,8], [9,4], [1,3], [8,11], [11,7], [10,9]}, 7131ms, not valid, fitness = 1.0 (adj = 0, att = 1)

Level 56:
  Backtracking: {[6,11], [7,9], [5,1], [4,10], [0,8], [2,0], [11,5], [10,7], [9,3], [3,4], [8,6], [1,2]}, 3ms, valid
  PSO: {[5,11], [7,8], [8,1], [6,5], [0,6], [2,0], [11,4], [10,7], [9,3], [3,3], [11,10], [1,2]}, 7132ms, not valid, fitness = 2.0 (adj = 0, att = 2)

Level 57:
  Backtracking: {[6,0], [11,10], [4,5], [5,7], [0,2], [3,3], [10,1], [2,8], [9,9], [1,4], [7,6], [8,11]}, 1ms, valid
  PSO: {[6,0], [9,10], [4,6], [3,8], [1,2], [4,3], [11,1], [0,9], [10,7], [2,4], [7,5], [5,11]}, 7362ms, not valid, fitness = 1.0 (adj = 0, att = 1)

Level 58:
  Backtracking: {[7,1], [10,0], [6,4], [3,10], [1,5], [4,6], [9,2], [8,8], [0,11], [11,3], [5,9], [2,7]}, 2ms, valid
  PSO: {[3,3], [10,1], [6,4], [3,10], [1,5], [4,6], [8,0], [7,10], [0,11], [9,8], [5,9], [2,7]}, 7306ms, not valid, fitness = 2.0 (adj = 0, att = 2)

Level 59:
  Backtracking: {[4,11], [3,0], [5,9], [0,8], [1,2], [2,10], [6,4], [11,3], [10,7], [7,6], [9,5], [8,1]}, 21ms, valid
  PSO: {[5,11], [3,0], [6,9], [1,4], [0,6], [2,10], [8,3], [11,1], [10,7], [4,2], [7,5], [9,0]}, 7237ms, not valid, fitness = 1.0 (adj = 0, att = 1)

Level 60:
  Backtracking: {[1,3], [11,7], [5,1], [2,0], [0,5], [3,2], [7,4], [9,8], [4,9], [6,6], [8,10], [10,11]}, 0ms, valid
  PSO: {[1,3], [11,8], [5,1], [2,0], [0,7], [3,2], [7,4], [9,8], [4,11], [6,6], [8,10], [10,5]}, 7439ms, not valid, fitness = 1.0 (adj = 0, att = 1)

Level 61:
  Backtracking: {[3,9], [11,10], [4,5], [6,6], [1,7], [5,11], [8,0], [0,1], [10,8], [2,3], [9,2], [7,4]}, 0ms, valid
  PSO: {[4,9], [11,10], [6,5], [3,7], [1,8], [5,11], [9,1], [0,4], [10,8], [2,3], [11,2], [8,6]}, 7248ms, not valid, fitness = 2.0 (adj = 0, att = 2)

Level 62:
  Backtracking: {[2,3], [7,1], [4,9], [3,7], [0,6], [11,11], [6,5], [9,10], [5,0], [1,8], [8,4], [10,2]}, 0ms, valid
  PSO: {[3,3], [5,4], [4,9], [2,7], [0,8], [11,10], [6,6], [9,10], [4,0], [1,11], [8,5], [10,2]}, 7238ms, not valid, fitness = 2.0 (adj = 0, att = 2)

Level 63:
  Backtracking: {[3,11], [7,8], [4,2], [2,4], [0,0], [5,10], [11,5], [10,3], [8,6], [1,7], [9,9], [6,1]}, 4ms, valid
  PSO: {[2,10], [7,8], [4,2], [1,4], [0,0], [3,5], [11,11], [10,3], [8,6], [1,7], [9,9], [6,1]}, 7254ms, not valid, fitness = 1.0 (adj = 0, att = 1)

Level 64:
  Backtracking: {[4,6], [11,2], [6,11], [5,3], [3,4], [2,0], [8,1], [9,8], [0,10], [7,9], [10,5], [1,7]}, 3ms, valid
  PSO: {[3,8], [11,2], [6,11], [5,3], [7,4], [4,0], [8,1], [9,10], [0,9], [7,9], [10,5], [1,7]}, 7225ms, not valid, fitness = 2.0 (adj = 0, att = 2)

Level 65:
  Backtracking: {[3,7], [10,11], [7,0], [2,10], [1,2], [4,5], [6,6], [9,1], [0,4], [5,8], [11,9], [8,3]}, 1ms, valid
  PSO: {[2,2], [9,9], [7,0], [3,11], [0,1], [4,5], [6,6], [11,0], [1,4], [5,8], [10,7], [8,3]}, 7357ms, not valid, fitness = 1.0 (adj = 0, att = 1)

Level 66:
  Backtracking: {[3,2], [10,7], [5,6], [4,4], [0,1], [11,9], [6,10], [8,5], [1,8], [2,0], [9,11], [7,3]}, 0ms, valid
  PSO: {[3,3], [10,4], [5,6], [4,1], [0,2], [11,10], [7,9], [8,5], [1,8], [2,1], [9,11], [8,0]}, 7206ms, not valid, fitness = 2.0 (adj = 0, att = 2)

Level 67:
  Backtracking: {[5,8], [11,11], [6,1], [4,4], [0,2], [2,9], [8,10], [10,0], [1,5], [3,6], [9,7], [7,3]}, 1ms, valid
  PSO: {[6,8], [11,11], [7,2], [4,4], [0,0], [2,11], [8,10], [11,1], [1,3], [3,6], [10,7], [9,5]}, 7405ms, not valid, fitness = 2.0 (adj = 0, att = 2)

Level 68:
  Backtracking: {[2,5], [10,9], [3,3], [0,7], [11,4], [5,8], [6,11], [1,2], [4,10], [7,1], [9,0], [8,6]}, 10ms, valid
  PSO: {[1,5], [9,8], [2,3], [6,6], [11,3], [3,7], [7,11], [0,2], [5,10], [4,0], [10,1], [8,4]}, 7134ms, not valid, fitness = 1.0 (adj = 0, att = 1)

Level 69:
  Backtracking: {[4,6], [11,7], [8,3], [3,11], [0,4], [5,9], [6,5], [2,8], [1,2], [10,10], [9,1], [7,0]}, 0ms, valid
  PSO: {[6,2], [11,7], [9,4], [4,11], [2,6], [5,9], [7,5], [3,8], [0,0], [10,10], [11,1], [8,1]}, 7446ms, not valid, fitness = 2.0 (adj = 0, att = 2)

Level 70:
  Backtracking: {[3,5], [11,10], [5,6], [2,7], [0,0], [4,2], [7,11], [8,8], [1,4], [6,9], [9,1], [10,3]}, 1ms, valid
  PSO: {[3,5], [10,10], [5,6], [2,7], [0,0], [4,1], [7,11], [8,8], [1,4], [6,9], [9,1], [11,2]}, 7456ms, not valid, fitness = 1.0 (adj = 0, att = 1)

Level 71:
  Backtracking: {[3,3], [11,9], [6,10], [5,7], [0,0], [4,5], [9,8], [7,4], [2,1], [1,11], [10,2], [8,6]}, 3ms, valid
  PSO: {[3,3], [11,9], [4,10], [5,7], [6,0], [4,5], [9,8], [7,4], [7,2], [1,11], [10,1], [8,6]}, 7368ms, not valid, fitness = 2.0 (adj = 0, att = 2)

Level 72:
  Backtracking: {[2,5], [11,7], [6,8], [5,10], [0,0], [8,6], [7,4], [4,1], [1,2], [9,11], [10,3], [3,9]}, 0ms, valid
  PSO: {[4,4], [10,9], [6,8], [5,10], [0,2], [10,7], [7,5], [2,0], [1,6], [9,11], [11,1], [3,10]}, 7380ms, not valid, fitness = 2.0 (adj = 0, att = 2)

Level 73:
  Backtracking: {[3,8], [11,2], [6,7], [5,4], [0,9], [4,1], [8,6], [10,5], [1,3], [7,11], [9,0], [2,10]}, 1ms, valid
  PSO: {[4,7], [11,0], [6,8], [5,1], [0,10], [8,2], [7,6], [10,4], [1,3], [7,11], [9,0], [2,9]}, 7229ms, not valid, fitness = 2.0 (adj = 0, att = 2)

Level 74:
  Backtracking: {[3,4], [11,8], [7,3], [5,11], [0,2], [4,6], [8,5], [6,0], [1,9], [2,1], [9,7], [10,10]}, 0ms, valid
  PSO: {[3,5], [11,8], [10,0], [4,11], [0,2], [5,7], [7,6], [6,3], [1,4], [2,1], [9,7], [8,9]}, 7279ms, not valid, fitness = 1.0 (adj = 0, att = 1)

Level 75:
  Backtracking: {[6,2], [8,3], [4,4], [7,10], [1,0], [3,1], [9,7], [2,5], [0,8], [11,6], [5,11], [10,9]}, 0ms, valid
  PSO: {[6,4], [7,2], [4,3], [1,10], [1,0], [3,1], [11,7], [2,5], [0,6], [10,4], [5,11], [9,9]}, 7206ms, not valid, fitness = 2.0 (adj = 0, att = 2)

Level 76:
  Backtracking: {[3,9], [6,8], [2,2], [5,0], [0,7], [4,6], [10,3], [7,1], [11,11], [1,4], [9,10], [8,5]}, 0ms, valid
  PSO: {[3,9], [6,10], [2,2], [4,1], [0,7], [5,8], [8,3], [10,0], [11,11], [1,4], [9,11], [8,5]}, 7303ms, not valid, fitness = 2.0 (adj = 0, att = 2)

Level 77:
  Backtracking: {[7,11], [11,2], [4,10], [5,7], [1,5], [3,0], [6,1], [9,6], [0,8], [8,3], [10,4], [2,9]}, 1ms, valid
  PSO: {[7,11], [10,0], [5,10], [4,4], [0,2], [2,0], [6,1], [9,6], [1,8], [8,3], [11,7], [3,9]}, 7191ms, not valid, fitness = 1.0 (adj = 0, att = 1)

Level 78:
  Backtracking: {[1,10], [11,9], [5,7], [4,1], [0,4], [6,0], [8,3], [9,8], [3,11], [2,5], [10,2], [7,6]}, 4ms, valid
  PSO: {[1,8], [11,9], [8,10], [6,3], [0,2], [5,0], [9,4], [10,7], [4,11], [2,5], [10,1], [7,6]}, 7382ms, not valid, fitness = 1.0 (adj = 0, att = 1)

Level 79:
  Backtracking: {[1,4], [10,11], [7,7], [4,6], [0,1], [2,10], [8,5], [5,0], [3,3], [11,8], [9,9], [6,2]}, 0ms, valid
  PSO: {[2,5], [10,11], [7,7], [4,6], [0,1], [1,10], [8,5], [5,4], [3,3], [11,8], [9,9], [6,2]}, 7221ms, not valid, fitness = 1.0 (adj = 0, att = 1)

Level 80:
  Backtracking: {[2,0], [11,10], [5,2], [0,1], [3,7], [4,11], [8,6], [10,5], [7,4], [1,3], [9,8], [6,9]}, 1ms, valid
  PSO: {[6,0], [11,10], [5,2], [0,1], [3,9], [4,11], [11,3], [10,5], [7,4], [2,7], [9,8], [8,10]}, 7389ms, not valid, fitness = 2.0 (adj = 0, att = 2)

Level 81:
  Backtracking: {[4,7], [11,10], [6,8], [3,9], [0,4], [2,11], [5,0], [10,5], [1,1], [7,2], [8,6], [9,3]}, 1ms, valid
  PSO: {[6,6], [11,10], [5,9], [3,8], [0,7], [2,11], [7,0], [10,5], [4,4], [7,2], [8,7], [9,3]}, 7238ms, not valid, fitness = 2.0 (adj = 0, att = 2)

Level 82:
  Backtracking: {[1,7], [7,9], [6,6], [4,0], [3,2], [5,8], [11,11], [9,10], [2,4], [10,1], [8,3], [0,5]}, 4ms, valid
  PSO: {[2,10], [7,9], [6,6], [4,1], [3,3], [5,8], [11,10], [10,7], [8,11], [11,0], [9,4], [1,5]}, 7223ms, not valid, fitness = 2.0 (adj = 0, att = 2)

Level 83:
  Backtracking: {[3,9], [5,0], [4,4], [1,2], [0,10], [6,5], [7,7], [10,8], [11,6], [2,11], [9,3], [8,1]}, 0ms, valid
  PSO: {[4,9], [5,0], [8,5], [1,4], [0,7], [9,11], [7,7], [10,8], [11,6], [2,10], [11,3], [6,2]}, 7044ms, not valid, fitness = 2.0 (adj = 0, att = 2)

Level 84:
  Backtracking: {[3,4], [10,10], [4,8], [2,9], [0,2], [5,3], [7,5], [8,1], [1,0], [6,11], [11,7], [9,6]}, 0ms, valid
  PSO: {[3,4], [11,9], [5,7], [4,10], [0,2], [6,3], [7,5], [8,0], [2,1], [10,11], [9,8], [9,6]}, 6943ms, not valid, fitness = 1.0 (adj = 0, att = 1)

Level 85:
  Backtracking: {[1,8], [9,9], [3,7], [6,11], [4,5], [2,10], [8,0], [10,1], [0,6], [5,2], [11,4], [7,3]}, 0ms, valid
  PSO: {[1,8], [8,11], [3,7], [5,11], [4,5], [2,10], [7,2], [9,1], [0,10], [6,4], [10,3], [11,6]}, 6979ms, not valid, fitness = 2.0 (adj = 0, att = 2)

Level 86:
  Backtracking: {[4,0], [10,11], [6,10], [7,1], [0,2], [5,7], [3,6], [9,5], [1,8], [2,3], [11,4], [8,9]}, 1ms, valid
  PSO: {[1,0], [11,11], [8,10], [7,2], [0,2], [5,7], [4,5], [11,6], [3,9], [2,3], [10,4], [9,8]}, 7008ms, not valid, fitness = 2.0 (adj = 0, att = 2)

Level 87:
  Backtracking: {[2,8], [11,1], [4,5], [3,3], [8,11], [7,4], [6,0], [10,10], [0,7], [1,2], [9,6], [5,9]}, 1ms, valid
  PSO: {[2,8], [11,1], [4,5], [3,3], [7,11], [6,4], [4,0], [10,10], [0,7], [1,2], [8,6], [5,9]}, 7053ms, not valid, fitness = 1.0 (adj = 0, att = 1)

Level 88:
  Backtracking: {[7,8], [5,7], [3,0], [1,3], [0,5], [4,2], [6,11], [10,4], [11,6], [2,9], [8,10], [9,1]}, 0ms, valid
  PSO: {[8,8], [5,7], [7,0], [1,3], [0,5], [4,2], [6,11], [10,4], [11,6], [2,10], [10,9], [9,1]}, 7038ms, not valid, fitness = 1.0 (adj = 0, att = 1)

Level 89:
  Backtracking: {[2,5], [5,0], [4,7], [0,4], [3,2], [11,11], [8,8], [10,1], [6,6], [1,9], [9,10], [7,3]}, 1ms, valid
  PSO: {[2,7], [6,0], [4,10], [0,5], [3,2], [10,11], [9,8], [11,3], [8,6], [1,9], [11,8], [7,4]}, 6918ms, not valid, fitness = 2.0 (adj = 0, att = 2)

Level 90:
  Backtracking: {[2,7], [11,8], [7,5], [5,4], [0,3], [3,11], [8,0], [10,6], [1,10], [4,2], [9,9], [6,1]}, 3ms, valid
  PSO: {[4,11], [11,8], [7,5], [5,6], [0,3], [2,9], [8,0], [9,7], [1,11], [3,2], [11,10], [6,1]}, 6957ms, not valid, fitness = 2.0 (adj = 0, att = 2)

Level 91:
  Backtracking: {[5,8], [10,3], [6,11], [3,2], [0,1], [2,0], [7,4], [9,5], [1,6], [4,10], [11,9], [8,7]}, 0ms, valid
  PSO: {[5,8], [9,3], [10,11], [6,2], [0,0], [3,1], [7,4], [9,5], [1,6], [4,10], [11,4], [8,7]}, 6998ms, not valid, fitness = 2.0 (adj = 0, att = 2)

Level 92:
  Backtracking: {[10,11], [1,6], [11,3], [5,5], [3,7], [0,10], [8,0], [7,4], [2,9], [6,1], [9,8], [4,2]}, 0ms, valid
  PSO: {[10,11], [0,0], [11,3], [5,5], [3,7], [1,10], [7,1], [8,4], [6,9], [3,0], [9,8], [4,2]}, 6929ms, not valid, fitness = 2.0 (adj = 0, att = 2)

Level 93:
  Backtracking: {[11,1], [2,6], [9,0], [6,8], [8,9], [0,7], [5,11], [10,5], [1,10], [3,4], [7,3], [4,2]}, 0ms, valid
  PSO: {[11,1], [2,9], [9,0], [6,8], [10,10], [0,7], [5,11], [11,6], [1,11], [3,5], [8,4], [4,2]}, 6845ms, not valid, fitness = 2.0 (adj = 0, att = 2)

Level 94:
  Backtracking: {[10,6], [3,0], [11,2], [8,5], [9,9], [1,1], [7,11], [5,8], [2,7], [0,10], [6,3], [4,4]}, 3ms, valid
  PSO: {[11,7], [3,1], [9,3], [10,5], [8,8], [0,2], [7,11], [5,9], [2,7], [1,10], [6,6], [4,4]}, 6691ms, not valid, fitness = 1.0 (adj = 0, att = 1)

Level 95:
  Backtracking: {[4,7], [3,3], [7,8], [6,11], [5,9], [0,4], [2,0], [11,1], [1,2], [9,10], [8,6], [10,5]}, 15ms, valid
  PSO: {[4,6], [3,2], [6,9], [5,11], [7,7], [1,10], [8,1], [10,3], [0,0], [9,9], [11,8], [10,5]}, 6650ms, not valid, fitness = 2.0 (adj = 0, att = 2)

Level 96:
  Backtracking: {[11,6], [1,8], [9,5], [5,7], [10,1], [0,10], [6,0], [8,11], [3,9], [2,4], [7,2], [4,3]}, 0ms, valid
  PSO: {[11,9], [2,8], [10,5], [4,7], [6,2], [0,9], [5,0], [9,11], [2,10], [7,6], [8,1], [3,4]}, 6701ms, not valid, fitness = 2.0 (adj = 0, att = 2)

Level 97:
  Backtracking: {[10,10], [3,2], [9,1], [6,4], [5,9], [0,8], [7,11], [2,7], [1,5], [11,0], [8,3], [4,6]}, 1ms, valid
  PSO: {[10,10], [3,2], [9,1], [6,3], [8,5], [1,7], [7,11], [5,8], [2,4], [11,0], [11,2], [4,6]}, 6798ms, not valid, fitness = 2.0 (adj = 0, att = 2)

Level 98:
  Backtracking: {[10,8], [4,1], [11,2], [5,9], [2,11], [0,10], [6,4], [8,3], [1,7], [7,0], [9,5], [3,6]}, 2ms, valid
  PSO: {[9,10], [3,0], [11,9], [4,11], [2,11], [0,10], [5,4], [7,3], [1,7], [6,1], [10,5], [8,8]}, 6728ms, not valid, fitness = 2.0 (adj = 0, att = 2)

Level 99:
  Backtracking: {[2,1], [4,4], [10,2], [7,3], [5,9], [0,7], [9,6], [3,10], [11,8], [1,5], [6,11], [8,0]}, 1ms, valid
  PSO: {[1,4], [5,1], [10,2], [7,3], [6,8], [3,9], [9,7], [4,11], [11,10], [0,6], [7,11], [8,0]}, 6612ms, not valid, fitness = 2.0 (adj = 0, att = 2)

Level 100:
  Backtracking: {[11,2], [1,10], [10,5], [5,8], [3,11], [0,6], [7,7], [8,4], [9,9], [2,0], [4,1], [6,3]}, 0ms, valid
  PSO: {[11,2], [1,10], [10,5], [5,8], [3,11], [0,6], [7,9], [6,1], [8,11], [8,7], [9,0], [4,3]}, 6654ms, not valid, fitness = 2.0 (adj = 0, att = 2)

