======= 11x11 | Batch 1 =======
Level 1:
  Backtracking: {[4,9], [6,3], [2,4], [1,0], [5,1], [10,5], [8,2], [7,8], [0,7], [9,10], [3,6]}, 1ms, valid
  PSO: {[4,9], [6,4], [4,3], [2,2], [5,1], [10,5], [8,0], [7,8], [0,7], [9,10], [3,6]}, 6667ms, not valid, fitness = 1.0 (adj = 0, att = 1)

Level 2:
  Backtracking: {[0,2], [9,8], [8,10], [6,9], [3,3], [5,5], [7,7], [1,4], [4,0], [2,1], [10,6]}, 0ms, valid
  PSO: {[0,2], [9,8], [8,10], [6,9], [3,3], [5,4], [7,7], [1,4], [4,0], [2,1], [10,6]}, 6696ms, not valid, fitness = 1.0 (adj = 0, att = 1)

Level 3:
  Backtracking: {[0,8], [7,3], [10,5], [1,4], [3,7], [8,10], [2,1], [5,6], [4,0], [6,9], [9,2]}, 0ms, valid
  PSO: {[0,8], [7,3], [10,5], [1,4], [2,7], [8,10], [1,1], [5,6], [3,0], [6,9], [9,2]}, 6691ms, not valid, fitness = 1.0 (adj = 0, att = 1)

Level 4:
  Backtracking: {[8,0], [5,9], [6,1], [2,2], [9,4], [10,6], [7,8], [3,5], [0,10], [4,3], [1,7]}, 1ms, valid
  PSO: {[10,0], [6,9], [7,2], [4,1], [9,4], [10,6], [8,8], [5,7], [2,10], [3,3], [1,5]}, 6828ms, not valid, fitness = 1.0 (adj = 0, att = 1)

Level 5:
  Backtracking: {[2,8], [8,5], [7,3], [6,7], [0,1], [1,10], [4,0], [3,4], [10,6], [9,2], [5,9]}, 1ms, valid
  PSO: {[2,8], [7,5], [7,3], [6,7], [0,1], [1,10], [4,0], [3,4], [9,6], [10,2], [8,9]}, 6796ms, not valid, fitness = 1.0 (adj = 0, att = 1)

Level 6:
  Backtracking: {[0,6], [8,3], [9,5], [2,7], [4,8], [1,9], [3,10], [5,4], [7,0], [10,1], [6,2]}, 0ms, valid
  PSO: {[0,6], [8,3], [9,5], [2,8], [5,9], [1,10], [3,10], [4,1], [7,0], [10,1], [6,2]}, 6668ms, not valid, fitness = 2.0 (adj = 0, att = 2)

Level 7:
  Backtracking: {[4,6], [10,5], [8,7], [5,2], [1,3], [2,8], [7,9], [9,1], [0,10], [6,4], [3,0]}, 0ms, valid
  PSO: {[4,7], [10,5], [7,8], [6,3], [2,2], [1,9], [9,10], [10,1], [0,4], [8,6], [3,0]}, 6695ms, not valid, fitness = 1.0 (adj = 0, att = 1)

Level 8:
  Backtracking: {[3,6], [9,10], [5,5], [6,1], [1,2], [10,3], [4,9], [2,0], [8,4], [0,7], [7,8]}, 1ms, valid
  PSO: {[3,6], [10,7], [5,5], [4,1], [2,3], [8,8], [4,9], [6,0], [9,4], [0,2], [7,10]}, 6689ms, not valid, fitness = 1.0 (adj = 0, att = 1)

Level 9:
  Backtracking: {[3,9], [10,1], [5,4], [1,5], [7,8], [8,0], [0,2], [9,10], [6,6], [4,7], [2,3]}, 0ms, valid
  PSO: {[4,9], [10,1], [5,4], [1,5], [7,8], [3,0], [0,2], [8,10], [6,6], [4,7], [2,3]}, 6983ms, not valid, fitness = 1.0 (adj = 0, att = 1)

Level 10:
  Backtracking: {[2,2], [10,0], [5,3], [0,5], [8,4], [4,10], [9,8], [3,6], [6,7], [7,1], [1,9]}, 0ms, valid
  PSO: {[6,2], [10,0], [8,3], [4,5], [9,7], [3,10], [7,6], [1,6], [5,7], [0,4], [2,8]}, 6525ms, not valid, fitness = 2.0 (adj = 0, att = 2)

Level 11:
  Backtracking: {[4,1], [10,10], [9,3], [2,8], [8,7], [0,0], [3,5], [5,6], [7,4], [6,9], [1,2]}, 1ms, valid
  PSO: {[4,1], [9,9], [10,3], [2,8], [7,7], [0,0], [3,5], [5,6], [8,4], [6,9], [1,2]}, 6572ms, not valid, fitness = 1.0 (adj = 0, att = 1)

Level 12:
  Backtracking: {[0,9], [7,8], [10,7], [9,4], [5,10], [3,1], [2,6], [1,2], [6,3], [8,0], [4,5]}, 1ms, valid
  PSO: {[0,10], [7,8], [10,7], [9,4], [2,9], [4,2], [3,6], [1,1], [6,3], [5,0], [0,5]}, 6646ms, not valid, fitness = 1.0 (adj = 0, att = 1)

Level 13:
  Backtracking: {[3,8], [9,6], [8,9], [1,0], [5,1], [0,7], [6,5], [2,2], [7,3], [10,10], [4,4]}, 0ms, valid
  PSO: {[6,7], [8,4], [7,9], [1,0], [8,0], [2,10], [5,5], [4,1], [9,2], [10,8], [3,6]}, 6790ms, not valid, fitness = 2.0 (adj = 0, att = 2)

Level 14:
  Backtracking: {[4,9], [9,0], [7,7], [0,8], [10,4], [1,5], [2,1], [3,3], [8,10], [5,6], [6,2]}, 1ms, valid
  PSO: {[4,9], [10,1], [7,7], [0,6], [5,3], [2,4], [1,1], [3,0], [9,10], [6,5], [8,2]}, 6583ms, not valid, fitness = 1.0 (adj = 0, att = 1)

Level 15:
  Backtracking: {[3,7], [10,10], [7,3], [2,5], [9,6], [1,2], [4,0], [5,4], [8,8], [6,1], [0,9]}, 1ms, valid
  PSO: {[5,5], [10,10], [7,0], [2,4], [9,6], [1,2], [3,1], [4,3], [8,8], [6,3], [0,9]}, 6655ms, not valid, fitness = 1.0 (adj = 0, att = 1)

Level 16:
  Backtracking: {[4,3], [10,2], [7,4], [2,1], [6,10], [0,8], [5,7], [8,9], [9,0], [1,5], [3,6]}, 0ms, valid
  PSO: {[4,3], [10,2], [9,5], [1,1], [7,8], [0,9], [5,7], [10,10], [8,0], [2,6], [6,4]}, 6613ms, not valid, fitness = 1.0 (adj = 0, att = 1)

Level 17:
  Backtracking: {[6,8], [9,9], [0,10], [4,7], [8,3], [7,6], [2,0], [3,2], [10,1], [1,4], [5,5]}, 1ms, valid
  PSO: {[7,8], [9,9], [0,10], [0,7], [5,2], [6,6], [2,0], [3,3], [8,1], [1,4], [4,5]}, 6727ms, not valid, fitness = 1.0 (adj = 0, att = 1)

Level 18:
  Backtracking: {[7,9], [10,6], [9,8], [3,4], [5,10], [0,3], [4,0], [2,1], [6,5], [8,2], [1,7]}, 2ms, valid
  PSO: {[6,10], [10,7], [8,8], [0,5], [2,9], [3,2], [4,0], [1,1], [5,4], [9,3], [3,6]}, 6623ms, not valid, fitness = 1.0 (adj = 0, att = 1)

Level 19:
  Backtracking: {[6,10], [9,3], [8,6], [7,8], [5,4], [4,7], [1,0], [3,5], [10,1], [0,9], [2,2]}, 0ms, valid
  PSO: {[6,10], [9,3], [8,6], [4,9], [5,4], [5,7], [7,0], [3,5], [10,1], [1,8], [2,2]}, 6640ms, not valid, fitness = 1.0 (adj = 0, att = 1)

Level 20:
  Backtracking: {[7,4], [10,9], [9,0], [3,5], [6,2], [2,3], [4,10], [0,1], [8,7], [5,8], [1,6]}, 24ms, valid
  PSO: {[6,6], [10,4], [7,1], [3,5], [5,0], [0,2], [1,9], [2,0], [8,10], [4,8], [2,7]}, 6568ms, not valid, fitness = 2.0 (adj = 0, att = 2)

Level 21:
  Backtracking: {[2,8], [8,7], [6,9], [3,4], [5,6], [1,5], [9,10], [0,3], [10,2], [7,0], [4,1]}, 0ms, valid
  PSO: {[1,8], [7,5], [6,9], [3,4], [4,7], [2,6], [10,10], [0,2], [9,0], [8,3], [5,4]}, 6696ms, not valid, fitness = 1.0 (adj = 0, att = 1)

Level 22:
  Backtracking: {[0,8], [6,5], [2,0], [3,4], [8,6], [1,3], [9,10], [5,9], [4,7], [10,1], [7,2]}, 1ms, valid
  PSO: {[1,10], [6,5], [5,1], [3,6], [7,8], [2,3], [10,9], [4,10], [0,7], [9,0], [8,4]}, 6623ms, not valid, fitness = 1.0 (adj = 0, att = 1)

Level 23:
  Backtracking: {[3,5], [7,6], [2,2], [10,10], [8,8], [0,0], [1,9], [9,1], [6,4], [5,7], [4,3]}, 1ms, valid
  PSO: {[3,7], [7,7], [2,2], [10,3], [8,5], [0,1], [1,8], [4,9], [6,3], [5,6], [3,4]}, 6579ms, not valid, fitness = 3.0 (adj = 0, att = 3)

Level 24:
  Backtracking: {[8,8], [10,2], [6,7], [1,9], [4,6], [9,0], [0,1], [2,3], [3,10], [7,5], [5,4]}, 9ms, valid
  PSO: {[5,9], [10,5], [7,7], [2,8], [4,6], [9,0], [0,2], [3,1], [3,10], [8,3], [1,4]}, 6744ms, not valid, fitness = 1.0 (adj = 0, att = 1)

Level 25:
  Backtracking: {[6,5], [10,1], [4,8], [0,6], [9,7], [8,3], [7,9], [1,2], [5,10], [2,0], [3,4]}, 0ms, valid
  PSO: {[4,5], [9,0], [8,8], [0,6], [2,7], [6,2], [7,10], [1,3], [5,9], [3,1], [7,4]}, 6709ms, not valid, fitness = 1.0 (adj = 0, att = 1)

Level 26:
  Backtracking: {[4,8], [9,10], [10,3], [5,6], [6,4], [7,2], [3,1], [8,0], [1,9], [0,7], [2,5]}, 3ms, valid
  PSO: {[4,10], [10,6], [8,8], [1,4], [5,3], [7,2], [3,1], [10,0], [2,9], [0,7], [3,5]}, 6625ms, not valid, fitness = 2.0 (adj = 0, att = 2)

Level 27:
  Backtracking: {[5,5], [10,1], [1,2], [2,4], [6,10], [4,7], [8,9], [7,6], [0,8], [9,3], [3,0]}, 0ms, valid
  PSO: {[5,5], [10,4], [1,3], [2,5], [6,9], [3,8], [9,7], [7,6], [0,10], [8,2], [4,1]}, 6627ms, not valid, fitness = 1.0 (adj = 0, att = 1)

Level 28:
  Backtracking: {[4,3], [5,5], [7,7], [8,1], [3,8], [9,10], [2,6], [6,2], [10,0], [1,9], [0,4]}, 0ms, valid
  PSO: {[5,3], [5,7], [0,5], [6,1], [2,8], [8,10], [3,6], [1,2], [9,0], [4,9], [3,4]}, 6782ms, not valid, fitness = 2.0 (adj = 0, att = 2)

Level 29:
  Backtracking: {[4,7], [8,10], [1,8], [3,0], [2,6], [10,2], [7,1], [0,5], [9,4], [6,3], [5,9]}, 0ms, valid
  PSO: {[5,6], [4,9], [2,8], [1,0], [8,7], [10,2], [7,1], [0,5], [9,4], [7,3], [6,9]}, 6510ms, not valid, fitness = 2.0 (adj = 0, att = 2)

Level 30:
  Backtracking: {[1,8], [9,5], [5,3], [0,2], [8,9], [10,0], [6,1], [3,4], [7,7], [4,6], [2,10]}, 0ms, valid
  PSO: {[1,8], [10,4], [5,3], [0,2], [8,9], [9,1], [6,1], [2,5], [7,7], [3,0], [2,10]}, 6678ms, not valid, fitness = 2.0 (adj = 0, att = 2)

Level 31:
  Backtracking: {[4,3], [10,9], [6,4], [0,10], [7,2], [8,8], [5,6], [2,1], [1,7], [9,0], [3,5]}, 1ms, valid
  PSO: {[4,3], [10,9], [7,4], [0,10], [9,2], [8,8], [5,6], [2,1], [1,7], [8,0], [3,5]}, 6653ms, not valid, fitness = 1.0 (adj = 0, att = 1)

Level 32:
  Backtracking: {[7,10], [10,9], [5,7], [1,0], [6,4], [3,1], [2,3], [8,8], [4,5], [9,6], [0,2]}, 0ms, valid
  PSO: {[7,10], [10,10], [4,7], [5,2], [10,4], [0,1], [2,3], [8,8], [6,5], [9,6], [3,9]}, 6640ms, not valid, fitness = 2.0 (adj = 0, att = 2)

Level 33:
  Backtracking: {[6,3], [10,5], [2,1], [1,6], [7,8], [0,0], [9,7], [4,2], [3,10], [5,9], [8,4]}, 0ms, valid
  PSO: {[6,3], [9,2], [2,1], [1,5], [6,7], [0,1], [10,6], [4,0], [5,10], [7,9], [8,4]}, 6805ms, not valid, fitness = 2.0 (adj = 0, att = 2)

Level 34:
  Backtracking: {[8,10], [9,1], [7,2], [6,0], [0,8], [2,7], [3,9], [1,5], [5,3], [4,6], [10,4]}, 2ms, valid
  PSO: {[6,9], [9,1], [7,2], [1,0], [0,4], [2,8], [3,10], [2,5], [5,3], [4,6], [10,7]}, 6653ms, not valid, fitness = 1.0 (adj = 0, att = 1)

Level 35:
  Backtracking: {[10,8], [9,5], [6,4], [0,6], [3,3], [7,9], [1,0], [8,2], [5,10], [2,7], [4,1]}, 1ms, valid
  PSO: {[10,10], [9,5], [6,4], [0,7], [3,3], [7,9], [1,0], [8,2], [5,10], [2,8], [4,1]}, 6640ms, not valid, fitness = 1.0 (adj = 0, att = 1)

Level 36:
  Backtracking: {[6,2], [9,5], [8,9], [1,8], [7,7], [0,4], [4,10], [10,3], [5,0], [3,6], [2,1]}, 3ms, valid
  PSO: {[6,2], [8,7], [9,10], [0,9], [4,5], [1,3], [3,10], [10,4], [5,0], [2,6], [1,1]}, 6636ms, not valid, fitness = 2.0 (adj = 0, att = 2)

Level 37:
  Backtracking: {[10,3], [6,4], [2,10], [0,9], [1,1], [8,8], [5,2], [9,5], [4,7], [7,6], [3,0]}, 1ms, valid
  PSO: {[10,3], [4,4], [8,10], [2,8], [1,1], [6,9], [5,2], [0,5], [5,7], [7,6], [3,0]}, 6683ms, not valid, fitness = 1.0 (adj = 0, att = 1)

Level 38:
  Backtracking: {[3,4], [10,6], [7,9], [1,10], [2,7], [4,1], [9,2], [6,5], [8,0], [5,8], [0,3]}, 1ms, valid
  PSO: {[4,3], [10,6], [7,10], [0,8], [2,7], [6,0], [9,2], [3,5], [8,0], [5,9], [1,1]}, 6641ms, not valid, fitness = 1.0 (adj = 0, att = 1)

Level 39:
  Backtracking: {[7,3], [9,7], [10,0], [1,5], [5,4], [0,8], [3,2], [2,10], [8,1], [6,6], [4,9]}, 0ms, valid
  PSO: {[7,3], [9,7], [10,0], [1,5], [5,4], [0,3], [3,2], [2,10], [8,1], [6,6], [4,9]}, 6659ms, not valid, fitness = 1.0 (adj = 0, att = 1)

Level 40:
  Backtracking: {[8,10], [6,7], [5,5], [0,0], [9,8], [7,1], [10,2], [3,6], [4,3], [1,9], [2,4]}, 3ms, valid
  PSO: {[6,9], [7,6], [8,0], [0,1], [9,7], [9,2], [10,4], [3,8], [2,3], [5,10], [4,5]}, 6614ms, not valid, fitness = 2.0 (adj = 1, att = 1)

Level 41:
  Backtracking: {[4,8], [10,1], [8,7], [1,6], [3,5], [6,9], [5,4], [9,10], [7,2], [0,0], [2,3]}, 1ms, valid
  PSO: {[3,8], [10,1], [8,9], [1,6], [6,4], [7,7], [4,5], [2,10], [8,3], [0,0], [5,2]}, 6633ms, not valid, fitness = 1.0 (adj = 0, att = 1)

Level 42:
  Backtracking: {[10,5], [5,3], [2,4], [6,6], [9,10], [7,8], [4,9], [0,7], [8,2], [1,0], [3,1]}, 1ms, valid
  PSO: {[10,5], [5,3], [4,6], [0,4], [9,8], [6,7], [3,9], [1,10], [8,0], [0,2], [2,1]}, 6594ms, not valid, fitness = 1.0 (adj = 0, att = 1)

Level 43:
  Backtracking: {[9,2], [10,6], [3,10], [1,9], [8,7], [6,3], [2,4], [5,8], [0,0], [7,5], [4,1]}, 4ms, valid
  PSO: {[6,2], [10,3], [4,10], [1,8], [8,7], [8,3], [2,4], [5,6], [0,0], [7,5], [9,1]}, 6674ms, not valid, fitness = 2.0 (adj = 0, att = 2)

Level 44:
  Backtracking: {[2,5], [7,9], [5,3], [1,8], [6,0], [4,1], [9,6], [3,7], [0,10], [8,2], [10,4]}, 0ms, valid
  PSO: {[2,5], [3,8], [5,3], [1,9], [10,0], [6,1], [8,6], [4,5], [0,7], [7,4], [9,4]}, 6690ms, not valid, fitness = 2.0 (adj = 0, att = 2)

Level 45:
  Backtracking: {[8,2], [6,6], [1,10], [5,0], [2,5], [9,8], [10,3], [4,7], [0,1], [3,9], [7,4]}, 1ms, valid
  PSO: {[8,4], [9,6], [0,10], [6,0], [2,5], [5,9], [10,3], [1,8], [4,1], [3,9], [7,7]}, 6646ms, not valid, fitness = 1.0 (adj = 0, att = 1)

Level 46:
  Backtracking: {[3,9], [9,7], [10,0], [8,5], [6,6], [7,1], [2,4], [1,8], [0,3], [5,10], [4,2]}, 1ms, valid
  PSO: {[3,10], [9,9], [9,0], [8,6], [6,7], [7,1], [4,4], [1,8], [0,3], [10,5], [5,2]}, 6607ms, not valid, fitness = 1.0 (adj = 0, att = 1)

Level 47:
  Backtracking: {[0,5], [9,9], [6,10], [3,1], [10,4], [7,3], [2,8], [1,2], [5,0], [8,6], [4,7]}, 1ms, valid
  PSO: {[1,4], [10,9], [3,10], [2,1], [9,3], [7,3], [2,8], [0,2], [5,0], [6,6], [4,7]}, 6691ms, not valid, fitness = 2.0 (adj = 0, att = 2)

Level 48:
  Backtracking: {[1,3], [8,8], [6,7], [3,10], [7,4], [9,5], [5,9], [2,1], [0,6], [10,0], [4,2]}, 0ms, valid
  PSO: {[1,3], [8,8], [6,7], [0,10], [7,4], [9,5], [5,9], [2,1], [1,6], [10,0], [4,2]}, 6708ms, not valid, fitness = 1.0 (adj = 0, att = 1)

Level 49:
  Backtracking: {[1,10], [10,8], [6,3], [0,1], [4,4], [8,9], [7,5], [5,7], [2,0], [9,2], [3,6]}, 0ms, valid
  PSO: {[1,10], [10,8], [6,3], [0,1], [4,4], [7,9], [8,4], [5,7], [2,0], [9,2], [3,6]}, 6614ms, not valid, fitness = 1.0 (adj = 0, att = 1)

Level 50:
  Backtracking: {[3,3], [10,10], [5,2], [2,1], [0,0], [9,6], [6,9], [1,5], [7,4], [8,8], [4,7]}, 0ms, valid
  PSO: {[3,3], [10,10], [5,2], [2,1], [0,0], [9,5], [6,8], [1,4], [7,3], [8,7], [4,6]}, 6620ms, not valid, fitness = 1.0 (adj = 0, att = 1)

