======= 11x11 | Batch 4 =======
Level 151:
  Backtracking: {[10,3], [8,10], [5,4], [3,0], [4,2], [2,9], [9,6], [6,1], [7,8], [0,7], [1,5]}, 2ms, valid
  PSO: {[5,0], [9,10], [6,4], [1,1], [4,2], [2,9], [10,6], [8,3], [7,8], [0,8], [3,7]}, 6728ms, not valid, fitness = 1.0 (adj = 0, att = 1)

Level 152:
  Backtracking: {[4,3], [6,4], [7,1], [3,9], [5,8], [2,7], [8,5], [9,2], [10,10], [0,6], [1,0]}, 0ms, valid
  PSO: {[5,6], [8,7], [7,1], [3,8], [6,10], [1,9], [9,5], [8,3], [10,10], [0,2], [4,0]}, 6580ms, not valid, fitness = 2.0 (adj = 0, att = 2)

Level 153:
  Backtracking: {[4,9], [10,7], [9,5], [1,10], [7,0], [0,4], [6,3], [8,8], [5,1], [2,2], [3,6]}, 0ms, valid
  PSO: {[4,10], [10,6], [10,2], [1,8], [8,0], [0,4], [6,3], [9,8], [5,1], [7,5], [3,7]}, 6483ms, not valid, fitness = 2.0 (adj = 0, att = 2)

Level 154:
  Backtracking: {[10,5], [7,0], [4,7], [1,6], [5,2], [2,8], [6,10], [8,9], [9,1], [0,3], [3,4]}, 1ms, valid
  PSO: {[10,4], [7,0], [4,7], [1,6], [8,5], [2,8], [6,10], [8,9], [9,1], [0,3], [3,2]}, 6500ms, not valid, fitness = 1.0 (adj = 0, att = 1)

Level 155:
  Backtracking: {[3,3], [9,10], [5,2], [4,7], [6,6], [1,9], [10,0], [7,1], [8,8], [0,4], [2,5]}, 0ms, valid
  PSO: {[6,0], [10,8], [5,2], [1,6], [7,7], [4,9], [10,1], [9,4], [8,10], [0,3], [3,5]}, 6607ms, not valid, fitness = 1.0 (adj = 0, att = 1)

Level 156:
  Backtracking: {[4,3], [10,1], [6,10], [2,4], [7,0], [1,6], [8,2], [9,5], [5,7], [0,8], [3,9]}, 0ms, valid
  PSO: {[6,8], [10,1], [5,10], [2,3], [7,0], [1,7], [8,2], [9,5], [4,6], [0,9], [3,10]}, 6702ms, not valid, fitness = 1.0 (adj = 0, att = 1)

Level 157:
  Backtracking: {[0,7], [10,8], [5,9], [2,0], [6,5], [7,1], [9,10], [4,4], [8,6], [1,3], [3,2]}, 0ms, valid
  PSO: {[0,7], [10,8], [7,9], [1,0], [6,6], [8,3], [9,10], [4,5], [8,6], [2,4], [5,2]}, 6496ms, not valid, fitness = 2.0 (adj = 0, att = 2)

Level 158:
  Backtracking: {[4,6], [9,2], [6,7], [1,0], [5,3], [0,5], [8,8], [10,4], [7,10], [2,9], [3,1]}, 0ms, valid
  PSO: {[5,6], [10,1], [3,10], [2,0], [8,1], [0,5], [9,7], [7,4], [6,8], [1,3], [4,2]}, 6694ms, not valid, fitness = 1.0 (adj = 0, att = 1)

Level 159:
  Backtracking: {[6,1], [10,4], [7,6], [2,8], [5,9], [0,7], [9,2], [8,0], [3,10], [1,3], [4,5]}, 0ms, valid
  PSO: {[6,1], [9,4], [10,6], [0,9], [5,8], [3,1], [9,2], [8,0], [2,10], [1,3], [4,5]}, 6719ms, not valid, fitness = 2.0 (adj = 0, att = 2)

Level 160:
  Backtracking: {[7,4], [10,9], [6,1], [3,5], [5,3], [2,10], [8,8], [9,0], [4,7], [0,2], [1,6]}, 0ms, valid
  PSO: {[9,2], [10,9], [7,3], [1,4], [6,5], [0,10], [8,8], [10,0], [5,7], [3,1], [2,6]}, 6836ms, not valid, fitness = 1.0 (adj = 0, att = 1)

Level 161:
  Backtracking: {[3,8], [8,3], [6,2], [2,1], [5,6], [1,10], [10,7], [7,5], [9,9], [0,0], [4,4]}, 1ms, valid
  PSO: {[3,10], [5,5], [7,2], [4,0], [6,8], [0,9], [10,7], [8,6], [9,9], [1,1], [3,4]}, 6633ms, not valid, fitness = 2.0 (adj = 0, att = 2)

Level 162:
  Backtracking: {[5,3], [10,9], [4,7], [1,2], [2,6], [6,5], [8,10], [9,1], [7,8], [0,4], [3,0]}, 1ms, valid
  PSO: {[3,2], [10,7], [2,8], [4,4], [0,9], [6,5], [7,10], [9,1], [8,6], [0,3], [1,0]}, 6631ms, not valid, fitness = 1.0 (adj = 0, att = 1)

Level 163:
  Backtracking: {[5,4], [10,3], [7,2], [1,0], [4,6], [2,9], [9,10], [3,1], [6,7], [0,5], [8,8]}, 0ms, valid
  PSO: {[10,7], [9,1], [6,2], [2,0], [4,6], [2,9], [7,10], [3,4], [5,8], [1,5], [8,8]}, 6632ms, not valid, fitness = 2.0 (adj = 0, att = 2)

Level 164:
  Backtracking: {[4,2], [10,6], [7,10], [2,9], [6,3], [0,7], [9,4], [8,8], [5,0], [1,1], [3,5]}, 0ms, valid
  PSO: {[3,3], [10,6], [6,10], [2,9], [7,5], [0,7], [9,4], [8,8], [9,0], [1,1], [5,8]}, 6511ms, not valid, fitness = 2.0 (adj = 0, att = 2)

Level 165:
  Backtracking: {[3,7], [10,0], [5,1], [2,3], [7,6], [1,10], [8,9], [9,4], [6,8], [0,2], [4,5]}, 1ms, valid
  PSO: {[3,8], [10,0], [5,1], [2,3], [7,7], [1,10], [8,10], [9,4], [6,9], [0,6], [4,5]}, 6557ms, not valid, fitness = 1.0 (adj = 0, att = 1)

Level 166:
  Backtracking: {[7,3], [10,9], [3,10], [1,8], [6,5], [2,1], [8,0], [9,4], [5,7], [0,6], [4,2]}, 0ms, valid
  PSO: {[7,3], [10,9], [7,10], [3,5], [6,5], [2,1], [8,0], [9,4], [5,7], [0,6], [4,2]}, 6552ms, not valid, fitness = 2.0 (adj = 0, att = 2)

Level 167:
  Backtracking: {[4,0], [9,10], [6,7], [2,4], [5,5], [1,9], [7,1], [8,8], [10,3], [0,2], [3,6]}, 1ms, valid
  PSO: {[4,0], [9,10], [5,7], [0,5], [4,2], [1,9], [8,1], [7,8], [10,4], [6,3], [3,6]}, 6588ms, not valid, fitness = 1.0 (adj = 0, att = 1)

Level 168:
  Backtracking: {[2,6], [10,4], [4,0], [1,10], [3,8], [0,7], [9,2], [7,1], [5,9], [6,3], [8,5]}, 0ms, valid
  PSO: {[5,6], [7,4], [4,0], [2,10], [3,8], [0,7], [8,2], [6,1], [5,9], [1,3], [10,9]}, 6649ms, not valid, fitness = 2.0 (adj = 0, att = 2)

Level 169:
  Backtracking: {[4,4], [9,8], [5,9], [2,2], [6,5], [0,6], [8,10], [3,7], [1,0], [10,3], [7,1]}, 0ms, valid
  PSO: {[4,5], [10,7], [5,9], [3,2], [6,6], [2,10], [8,10], [7,8], [0,3], [7,4], [9,1]}, 6727ms, not valid, fitness = 2.0 (adj = 0, att = 2)

Level 170:
  Backtracking: {[4,1], [9,8], [7,9], [2,5], [3,7], [10,2], [8,6], [5,10], [6,3], [0,4], [1,0]}, 1ms, valid
  PSO: {[4,4], [10,8], [7,9], [0,3], [3,7], [10,2], [9,6], [1,10], [8,0], [0,5], [2,1]}, 6671ms, not valid, fitness = 2.0 (adj = 0, att = 2)

Level 171:
  Backtracking: {[4,7], [9,8], [5,10], [2,5], [6,4], [1,3], [10,6], [7,9], [8,0], [0,1], [3,2]}, 0ms, valid
  PSO: {[4,7], [9,8], [6,10], [2,5], [5,4], [1,9], [10,6], [8,10], [7,0], [0,1], [3,2]}, 6651ms, not valid, fitness = 1.0 (adj = 0, att = 1)

Level 172:
  Backtracking: {[4,6], [9,3], [7,7], [0,1], [5,8], [2,0], [10,9], [8,5], [6,10], [1,4], [3,2]}, 1ms, valid
  PSO: {[4,5], [9,3], [6,0], [2,4], [7,8], [1,1], [10,10], [8,6], [5,9], [0,4], [3,2]}, 6521ms, not valid, fitness = 1.0 (adj = 0, att = 1)

Level 173:
  Backtracking: {[4,3], [9,1], [5,0], [2,6], [6,7], [1,9], [7,10], [8,5], [3,8], [0,2], [10,4]}, 0ms, valid
  PSO: {[4,3], [9,1], [7,2], [3,6], [10,7], [2,10], [9,9], [8,5], [5,8], [0,0], [10,4]}, 6623ms, not valid, fitness = 2.0 (adj = 0, att = 2)

Level 174:
  Backtracking: {[2,3], [8,5], [10,4], [1,6], [5,1], [4,9], [6,10], [9,2], [7,7], [0,8], [3,0]}, 0ms, valid
  PSO: {[5,3], [8,5], [10,6], [1,4], [6,1], [3,10], [8,9], [9,2], [7,7], [0,8], [4,0]}, 6495ms, not valid, fitness = 1.0 (adj = 0, att = 1)

Level 175:
  Backtracking: {[4,7], [10,10], [8,1], [5,2], [6,0], [0,5], [9,6], [7,3], [3,9], [2,4], [1,8]}, 0ms, valid
  PSO: {[4,8], [9,10], [7,0], [6,2], [5,0], [0,3], [8,5], [10,4], [1,9], [3,1], [2,6]}, 6579ms, not valid, fitness = 1.0 (adj = 0, att = 1)

Level 176:
  Backtracking: {[4,0], [10,3], [6,8], [3,2], [5,10], [0,6], [8,9], [2,5], [7,4], [1,1], [9,7]}, 0ms, valid
  PSO: {[4,2], [9,4], [6,8], [2,3], [5,10], [0,6], [8,10], [3,7], [7,5], [1,0], [10,9]}, 6681ms, not valid, fitness = 1.0 (adj = 0, att = 1)

Level 177:
  Backtracking: {[5,4], [10,10], [6,1], [2,5], [3,8], [1,0], [9,7], [8,3], [7,9], [0,6], [4,2]}, 0ms, valid
  PSO: {[5,4], [10,10], [8,1], [3,5], [6,6], [0,0], [9,8], [9,3], [7,9], [1,7], [4,2]}, 6791ms, not valid, fitness = 1.0 (adj = 0, att = 1)

Level 178:
  Backtracking: {[6,6], [10,5], [8,4], [1,7], [4,2], [0,10], [9,1], [5,8], [7,9], [3,0], [2,3]}, 0ms, valid
  PSO: {[7,6], [9,5], [8,8], [1,7], [6,4], [0,10], [10,2], [5,8], [4,10], [3,0], [2,3]}, 6590ms, not valid, fitness = 2.0 (adj = 0, att = 2)

Level 179:
  Backtracking: {[4,8], [7,0], [6,2], [0,9], [9,7], [1,6], [10,3], [5,10], [8,5], [2,1], [3,4]}, 0ms, valid
  PSO: {[4,9], [10,0], [7,2], [0,10], [9,7], [1,6], [10,3], [6,8], [8,5], [3,1], [5,4]}, 6787ms, not valid, fitness = 1.0 (adj = 0, att = 1)

Level 180:
  Backtracking: {[5,3], [9,2], [7,4], [3,7], [4,10], [2,5], [8,6], [10,0], [6,8], [0,1], [1,9]}, 0ms, valid
  PSO: {[5,6], [9,2], [7,4], [3,7], [4,10], [2,5], [8,10], [8,0], [6,8], [0,1], [1,9]}, 6777ms, not valid, fitness = 2.0 (adj = 0, att = 2)

Level 181:
  Backtracking: {[1,7], [8,0], [4,6], [3,3], [5,4], [0,9], [9,5], [10,1], [6,8], [7,2], [2,10]}, 1ms, valid
  PSO: {[1,7], [8,0], [4,6], [3,3], [5,4], [0,9], [9,5], [10,1], [6,10], [7,2], [2,10]}, 6632ms, not valid, fitness = 1.0 (adj = 0, att = 1)

Level 182:
  Backtracking: {[1,9], [10,5], [5,4], [4,6], [6,2], [0,7], [2,0], [8,1], [7,10], [9,3], [3,8]}, 0ms, valid
  PSO: {[3,9], [10,5], [5,4], [4,6], [6,2], [0,7], [1,1], [8,0], [7,10], [9,3], [2,8]}, 6579ms, not valid, fitness = 1.0 (adj = 1, att = 0)

Level 183:
  Backtracking: {[4,1], [8,6], [5,5], [6,7], [7,4], [0,9], [9,0], [10,2], [3,10], [1,3], [2,8]}, 1ms, valid
  PSO: {[5,3], [10,5], [6,6], [4,7], [8,4], [0,9], [9,0], [10,2], [7,8], [3,1], [2,10]}, 6683ms, not valid, fitness = 1.0 (adj = 0, att = 1)

Level 184:
  Backtracking: {[4,7], [10,5], [7,8], [2,1], [3,9], [8,0], [9,2], [6,4], [5,10], [0,6], [1,3]}, 0ms, valid
  PSO: {[4,7], [9,6], [7,9], [2,0], [3,10], [8,3], [10,2], [6,5], [5,10], [0,8], [1,4]}, 6767ms, not valid, fitness = 1.0 (adj = 0, att = 1)

Level 185:
  Backtracking: {[7,0], [9,7], [6,8], [1,2], [3,4], [0,6], [8,5], [10,3], [5,10], [4,1], [2,9]}, 0ms, valid
  PSO: {[7,0], [9,10], [6,9], [2,2], [5,4], [1,7], [9,6], [10,3], [8,8], [4,1], [3,10]}, 6598ms, not valid, fitness = 2.0 (adj = 0, att = 2)

Level 186:
  Backtracking: {[3,6], [10,8], [6,1], [7,9], [4,4], [1,0], [9,5], [8,7], [5,10], [0,3], [2,2]}, 1ms, valid
  PSO: {[3,6], [9,9], [6,3], [3,8], [4,4], [0,1], [10,2], [8,7], [5,10], [1,5], [2,0]}, 6821ms, not valid, fitness = 1.0 (adj = 0, att = 1)

Level 187:
  Backtracking: {[4,6], [7,9], [1,3], [5,4], [2,8], [9,0], [8,5], [10,7], [6,2], [0,1], [3,10]}, 0ms, valid
  PSO: {[4,7], [7,9], [1,3], [5,4], [2,8], [9,1], [8,6], [10,8], [6,2], [0,5], [3,10]}, 6717ms, not valid, fitness = 1.0 (adj = 0, att = 1)

Level 188:
  Backtracking: {[4,2], [8,6], [9,3], [2,9], [5,7], [0,4], [10,5], [6,10], [7,8], [1,1], [3,0]}, 0ms, valid
  PSO: {[6,4], [8,6], [10,0], [1,7], [9,9], [0,3], [10,6], [5,10], [7,8], [4,5], [3,2]}, 6549ms, not valid, fitness = 2.0 (adj = 0, att = 2)

Level 189:
  Backtracking: {[4,4], [9,0], [5,10], [1,1], [6,5], [0,8], [10,7], [8,6], [3,2], [7,3], [2,9]}, 1ms, valid
  PSO: {[3,4], [9,0], [4,10], [0,2], [5,1], [0,8], [10,7], [8,6], [1,5], [7,3], [2,9]}, 6573ms, not valid, fitness = 1.0 (adj = 0, att = 1)

Level 190:
  Backtracking: {[7,2], [10,8], [5,10], [2,3], [4,5], [0,9], [9,6], [6,4], [8,0], [1,7], [3,1]}, 1ms, valid
  PSO: {[3,4], [10,8], [5,10], [1,2], [7,9], [2,10], [8,7], [6,6], [9,0], [0,5], [4,1]}, 6772ms, not valid, fitness = 1.0 (adj = 0, att = 1)

Level 191:
  Backtracking: {[6,2], [9,10], [4,1], [3,5], [2,7], [1,9], [10,8], [8,6], [7,0], [0,3], [5,4]}, 0ms, valid
  PSO: {[3,2], [9,10], [5,1], [4,5], [2,7], [1,9], [10,8], [8,6], [7,0], [0,4], [6,10]}, 6535ms, not valid, fitness = 1.0 (adj = 0, att = 1)

Level 192:
  Backtracking: {[2,1], [10,8], [8,0], [1,9], [6,5], [4,4], [7,7], [5,2], [9,10], [0,3], [3,6]}, 0ms, valid
  PSO: {[2,1], [10,3], [8,0], [4,8], [6,5], [1,4], [7,7], [5,2], [9,10], [0,6], [3,6]}, 6715ms, not valid, fitness = 1.0 (adj = 0, att = 1)

Level 193:
  Backtracking: {[3,3], [9,8], [6,4], [0,9], [4,0], [1,7], [7,10], [8,1], [10,6], [2,5], [5,2]}, 1ms, valid
  PSO: {[7,6], [9,8], [6,4], [0,9], [4,1], [1,7], [5,10], [8,0], [10,5], [3,8], [2,2]}, 6701ms, not valid, fitness = 1.0 (adj = 0, att = 1)

Level 194:
  Backtracking: {[2,5], [5,8], [9,9], [1,7], [4,4], [0,2], [10,1], [7,3], [8,0], [6,6], [3,10]}, 0ms, valid
  PSO: {[2,6], [5,8], [9,9], [0,7], [4,5], [0,4], [10,2], [6,3], [8,0], [3,1], [1,10]}, 6698ms, not valid, fitness = 1.0 (adj = 0, att = 1)

Level 195:
  Backtracking: {[7,9], [10,1], [5,2], [4,0], [9,7], [1,10], [6,4], [8,3], [2,8], [0,5], [3,6]}, 1ms, valid
  PSO: {[7,8], [10,0], [6,3], [5,1], [9,6], [1,9], [8,4], [9,2], [4,10], [0,5], [3,7]}, 6585ms, not valid, fitness = 1.0 (adj = 0, att = 1)

Level 196:
  Backtracking: {[3,8], [9,5], [5,1], [2,6], [6,9], [1,3], [8,10], [10,7], [7,2], [0,0], [4,4]}, 0ms, valid
  PSO: {[3,7], [9,6], [6,2], [1,7], [5,9], [0,4], [7,10], [8,8], [10,1], [2,0], [4,5]}, 6733ms, not valid, fitness = 1.0 (adj = 0, att = 1)

Level 197:
  Backtracking: {[4,1], [8,8], [7,4], [2,9], [5,5], [1,2], [9,6], [6,7], [10,0], [0,10], [3,3]}, 1ms, valid
  PSO: {[5,2], [8,8], [7,4], [3,9], [10,3], [2,5], [9,6], [6,7], [9,1], [1,10], [4,0]}, 6635ms, not valid, fitness = 1.0 (adj = 0, att = 1)

Level 198:
  Backtracking: {[5,1], [10,10], [6,3], [3,2], [4,8], [2,0], [7,5], [8,7], [0,6], [9,4], [1,9]}, 0ms, valid
  PSO: {[8,1], [10,9], [6,4], [3,2], [5,8], [2,0], [7,6], [8,10], [0,7], [9,5], [4,10]}, 6772ms, not valid, fitness = 2.0 (adj = 0, att = 2)

Level 199:
  Backtracking: {[6,5], [10,3], [3,4], [0,7], [7,2], [2,8], [9,0], [8,9], [4,6], [1,1], [5,10]}, 0ms, valid
  PSO: {[6,5], [10,8], [3,4], [0,7], [7,2], [2,7], [9,0], [8,9], [4,6], [1,1], [5,10]}, 6529ms, not valid, fitness = 1.0 (adj = 0, att = 1)

Level 200:
  Backtracking: {[5,2], [9,8], [8,10], [1,3], [4,9], [0,6], [10,5], [6,0], [7,7], [2,1], [3,4]}, 0ms, valid
  PSO: {[5,2], [9,8], [10,10], [3,6], [4,9], [0,7], [8,3], [6,0], [7,9], [1,1], [2,4]}, 6739ms, not valid, fitness = 1.0 (adj = 0, att = 1)

