======= 11x11 BOARDS =======
PSO Parameters: iterations=100000, particles=5000, neighborhoods=100, c1=1.0, c2=1.0, inertia=0.4, w1=1.0, w2=1.0, maxStagnation=500

Level 1:
  Backtracking: {[4,9], [6,3], [2,4], [1,0], [5,1], [10,5], [8,2], [7,8], [0,7], [9,10], [3,6]}, 0ms, valid
  PSO: {[5,10], [6,3], [3,4], [2,2], [9,1], [10,5], [7,0], [8,8], [0,7], [10,9], [4,6]}, 3964ms, not valid, fitness = 1.0 (adj = 0, att = 1)

Level 2:
  Backtracking: {[0,2], [9,8], [8,10], [6,9], [4,0], [5,5], [7,7], [1,4], [3,3], [2,1], [10,6]}, 2ms, valid
  PSO: {[0,2], [9,8], [8,10], [6,9], [3,0], [5,6], [7,7], [2,4], [4,3], [1,1], [10,6]}, 4183ms, not valid, fitness = 2.0 (adj = 1, att = 1)

Level 3:
  Backtracking: {[0,8], [7,3], [10,5], [1,4], [3,7], [8,10], [2,1], [5,6], [4,0], [6,9], [9,2]}, 2ms, valid
  PSO: {[1,8], [6,1], [7,4], [4,3], [3,9], [8,10], [0,0], [5,7], [2,0], [10,9], [9,2]}, 4158ms, not valid, fitness = 2.0 (adj = 0, att = 2)

Level 4:
  Backtracking: {[8,0], [5,9], [6,1], [2,2], [9,4], [10,6], [7,8], [3,5], [0,10], [4,3], [1,7]}, 1ms, valid
  PSO: {[8,0], [6,9], [7,2], [3,1], [9,4], [10,6], [8,7], [4,5], [0,10], [5,3], [2,8]}, 4070ms, not valid, fitness = 1.0 (adj = 0, att = 1)

Level 5:
  Backtracking: {[2,8], [8,5], [7,3], [6,7], [0,1], [1,10], [4,0], [3,4], [10,6], [9,2], [5,9]}, 0ms, valid
  PSO: {[4,8], [8,5], [7,3], [6,7], [0,1], [2,9], [5,0], [3,4], [10,6], [9,2], [1,4]}, 4056ms, not valid, fitness = 1.0 (adj = 0, att = 1)

Level 6:
  Backtracking: {[0,6], [8,3], [9,5], [2,7], [4,8], [1,9], [3,10], [5,4], [7,0], [10,1], [6,2]}, 0ms, valid
  PSO: {[0,5], [8,3], [10,4], [2,7], [4,8], [1,9], [3,10], [7,6], [8,1], [10,2], [5,0]}, 4149ms, not valid, fitness = 2.0 (adj = 0, att = 2)

Level 7:
  Backtracking: {[4,6], [10,5], [8,7], [5,2], [1,3], [2,8], [7,9], [9,1], [0,10], [6,4], [3,0]}, 0ms, valid
  PSO: {[5,6], [10,5], [8,7], [6,1], [2,2], [4,9], [9,10], [10,3], [0,8], [7,4], [3,0]}, 4091ms, not valid, fitness = 1.0 (adj = 0, att = 1)

Level 8:
  Backtracking: {[3,6], [9,10], [5,5], [6,1], [1,2], [10,3], [4,9], [2,0], [8,4], [0,7], [7,8]}, 0ms, valid
  PSO: {[7,6], [10,7], [5,5], [4,1], [2,3], [8,8], [5,9], [6,2], [9,4], [1,0], [3,10]}, 3777ms, not valid, fitness = 1.0 (adj = 0, att = 1)

Level 9:
  Backtracking: {[3,9], [10,1], [6,6], [5,4], [7,8], [8,0], [0,2], [9,10], [1,5], [4,7], [2,3]}, 1ms, valid
  PSO: {[7,4], [9,1], [6,6], [4,3], [8,7], [1,0], [0,2], [3,10], [1,5], [5,8], [2,3]}, 3743ms, not valid, fitness = 2.0 (adj = 0, att = 2)

Level 10:
  Backtracking: {[0,5], [10,0], [9,8], [2,2], [8,4], [4,10], [5,3], [3,6], [6,7], [7,1], [1,9]}, 1ms, valid
  PSO: {[0,5], [10,0], [7,8], [4,4], [8,6], [6,10], [9,3], [2,6], [5,7], [3,1], [1,9]}, 3869ms, not valid, fitness = 1.0 (adj = 0, att = 1)

Level 11:
  Backtracking: {[4,1], [10,10], [9,3], [2,8], [8,7], [0,0], [3,5], [5,6], [7,4], [6,9], [1,2]}, 0ms, valid
  PSO: {[3,2], [10,10], [8,3], [2,8], [6,1], [0,0], [4,5], [4,7], [7,6], [5,9], [1,4]}, 3976ms, not valid, fitness = 1.0 (adj = 0, att = 1)

Level 12:
  Backtracking: {[0,9], [7,8], [10,7], [9,4], [5,10], [3,1], [2,6], [1,2], [6,3], [8,0], [4,5]}, 1ms, valid
  PSO: {[0,10], [7,9], [10,7], [8,2], [3,9], [4,3], [2,6], [1,1], [6,4], [5,0], [4,5]}, 4435ms, not valid, fitness = 2.0 (adj = 0, att = 2)

Level 13:
  Backtracking: {[3,8], [9,6], [8,9], [1,0], [5,1], [0,7], [6,5], [2,2], [7,3], [10,10], [4,4]}, 0ms, valid
  PSO: {[5,7], [9,6], [7,9], [1,0], [8,0], [0,8], [6,5], [4,1], [7,2], [10,10], [3,4]}, 4643ms, not valid, fitness = 2.0 (adj = 0, att = 2)

Level 14:
  Backtracking: {[4,9], [9,0], [7,7], [0,8], [10,4], [1,5], [2,1], [3,3], [8,10], [5,6], [6,2]}, 1ms, valid
  PSO: {[6,10], [9,0], [7,7], [0,5], [4,3], [2,4], [1,1], [3,0], [10,6], [5,8], [8,2]}, 4425ms, not valid, fitness = 1.0 (adj = 0, att = 1)

Level 15:
  Backtracking: {[3,7], [10,10], [7,3], [2,5], [9,6], [1,2], [4,0], [5,4], [8,8], [6,1], [0,9]}, 1ms, valid
  PSO: {[9,5], [10,10], [7,3], [3,4], [5,7], [1,2], [2,0], [4,1], [8,8], [6,1], [0,9]}, 4520ms, not valid, fitness = 1.0 (adj = 0, att = 1)

Level 16:
  Backtracking: {[4,3], [10,2], [8,9], [7,4], [6,10], [0,8], [5,7], [2,1], [9,0], [1,5], [3,6]}, 0ms, valid
  PSO: {[5,2], [9,3], [10,10], [9,7], [7,5], [0,9], [4,8], [1,1], [8,0], [2,6], [3,4]}, 5233ms, not valid, fitness = 1.0 (adj = 0, att = 1)

Level 17:
  Backtracking: {[6,8], [9,9], [0,10], [4,7], [8,3], [7,6], [2,0], [3,2], [10,1], [1,4], [5,5]}, 2ms, valid
  PSO: {[8,8], [6,7], [3,9], [1,6], [5,2], [7,4], [2,0], [3,3], [10,1], [0,4], [4,5]}, 5561ms, not valid, fitness = 2.0 (adj = 0, att = 2)

Level 18:
  Backtracking: {[6,5], [10,6], [9,8], [3,4], [4,0], [0,3], [5,10], [2,1], [7,9], [8,2], [1,7]}, 8ms, valid
  PSO: {[6,5], [10,7], [8,8], [2,4], [3,0], [4,2], [3,9], [0,1], [7,10], [5,0], [1,6]}, 5452ms, not valid, fitness = 2.0 (adj = 0, att = 2)

Level 19:
  Backtracking: {[6,10], [9,3], [8,6], [7,8], [5,4], [4,7], [1,0], [3,5], [10,1], [0,9], [2,2]}, 0ms, valid
  PSO: {[3,9], [9,3], [8,5], [7,2], [5,4], [4,7], [6,0], [2,6], [10,8], [0,10], [1,3]}, 4555ms, not valid, fitness = 1.0 (adj = 0, att = 1)

Level 20:
  Backtracking: {[7,4], [10,9], [9,0], [3,5], [6,2], [2,3], [4,10], [0,1], [8,7], [5,8], [1,6]}, 34ms, valid
  PSO: {[4,3], [9,4], [8,2], [3,5], [6,0], [2,2], [4,10], [0,1], [7,9], [5,8], [1,7]}, 4693ms, not valid, fitness = 2.0 (adj = 0, att = 2)

Level 21:
  Backtracking: {[2,8], [8,7], [6,9], [3,4], [5,6], [1,5], [9,10], [0,3], [10,2], [7,0], [4,1]}, 1ms, valid
  PSO: {[1,9], [7,5], [4,8], [2,4], [5,6], [1,7], [9,10], [6,1], [10,0], [8,3], [3,2]}, 4902ms, not valid, fitness = 1.0 (adj = 0, att = 1)

Level 22:
  Backtracking: {[0,8], [6,5], [2,0], [3,4], [8,6], [1,3], [7,2], [5,9], [4,7], [10,1], [9,10]}, 0ms, valid
  PSO: {[0,9], [5,5], [6,1], [2,6], [7,8], [1,3], [8,4], [3,10], [4,7], [10,2], [9,10]}, 4548ms, not valid, fitness = 1.0 (adj = 0, att = 1)

Level 23:
  Backtracking: {[2,2], [7,6], [9,1], [10,10], [1,9], [0,0], [8,8], [3,5], [6,4], [5,7], [4,3]}, 0ms, valid
  PSO: {[2,2], [7,6], [9,8], [10,0], [1,9], [0,10], [8,3], [3,5], [6,4], [5,7], [4,3]}, 4723ms, not valid, fitness = 2.0 (adj = 1, att = 1)

Level 24:
  Backtracking: {[8,8], [10,2], [6,7], [1,9], [4,6], [9,0], [0,1], [2,3], [3,10], [7,5], [5,4]}, 7ms, valid
  PSO: {[9,10], [10,6], [7,7], [1,8], [2,5], [2,0], [0,1], [3,3], [4,10], [8,2], [5,4]}, 4591ms, not valid, fitness = 2.0 (adj = 0, att = 2)

Level 25:
  Backtracking: {[6,5], [10,1], [4,8], [0,6], [9,7], [8,3], [7,9], [1,2], [5,10], [2,0], [3,4]}, 0ms, valid
  PSO: {[4,5], [10,1], [5,8], [0,7], [3,9], [8,4], [7,10], [1,3], [5,10], [2,0], [6,6]}, 4915ms, not valid, fitness = 2.0 (adj = 0, att = 2)

Level 26:
  Backtracking: {[4,8], [9,10], [10,3], [5,6], [6,4], [7,2], [3,1], [8,0], [1,9], [0,7], [2,5]}, 3ms, valid
  PSO: {[4,8], [10,10], [9,7], [5,5], [5,3], [7,4], [2,2], [8,0], [1,9], [0,6], [3,5]}, 5156ms, not valid, fitness = 2.0 (adj = 0, att = 2)

Level 27:
  Backtracking: {[5,5], [10,1], [1,2], [2,4], [6,10], [4,7], [8,9], [7,6], [0,8], [9,3], [3,0]}, 0ms, valid
  PSO: {[5,5], [10,8], [1,2], [2,6], [6,10], [3,3], [8,9], [7,5], [4,9], [9,4], [0,0]}, 4273ms, not valid, fitness = 2.0 (adj = 0, att = 2)

Level 28:
  Backtracking: {[4,3], [5,5], [7,7], [8,1], [3,8], [9,10], [2,6], [6,2], [10,0], [1,9], [0,4]}, 1ms, valid
  PSO: {[4,3], [5,5], [6,7], [0,1], [3,8], [8,10], [2,6], [6,2], [9,0], [5,9], [1,4]}, 4581ms, not valid, fitness = 2.0 (adj = 0, att = 2)

Level 29:
  Backtracking: {[4,7], [8,10], [1,8], [3,0], [2,6], [10,2], [7,1], [0,5], [9,4], [6,3], [5,9]}, 0ms, valid
  PSO: {[6,6], [8,10], [2,9], [1,0], [3,7], [10,2], [7,1], [0,5], [9,4], [6,3], [5,8]}, 5301ms, not valid, fitness = 1.0 (adj = 0, att = 1)

Level 30:
  Backtracking: {[1,8], [9,5], [5,3], [0,2], [8,9], [10,0], [6,1], [3,4], [4,6], [7,7], [2,10]}, 0ms, valid
  PSO: {[2,8], [9,5], [5,3], [0,2], [8,9], [10,0], [6,1], [1,4], [3,6], [7,7], [2,10]}, 5084ms, not valid, fitness = 1.0 (adj = 0, att = 1)

