======= 12x12 | Batch 2 =======
Level 51:
  Backtracking: {[3,4], [11,6], [7,3], [5,2], [0,7], [4,8], [8,5], [10,0], [1,9], [2,1], [9,10], [6,11]}, 0ms, valid
  PSO: {[6,5], [11,6], [8,4], [5,2], [1,1], [4,8], [9,7], [10,0], [2,10], [3,3], [9,11], [10,9]}, 4498ms, not valid, fitness = 2.0 (adj = 0, att = 2)

Level 52:
  Backtracking: {[8,7], [11,4], [3,8], [5,2], [7,0], [2,10], [4,5], [10,1], [1,6], [9,3], [6,9], [0,11]}, 3ms, valid
  PSO: {[8,7], [10,8], [4,10], [5,4], [4,0], [2,10], [3,5], [11,1], [1,6], [7,3], [6,9], [0,11]}, 4438ms, not valid, fitness = 2.0 (adj = 0, att = 2)

Level 53:
  Backtracking: {[9,6], [10,11], [1,4], [0,9], [11,7], [5,10], [8,1], [6,0], [7,8], [3,5], [4,3], [2,2]}, 0ms, valid
  PSO: {[10,2], [9,10], [1,4], [0,9], [11,7], [6,11], [7,1], [5,0], [8,7], [3,5], [4,3], [2,2]}, 4594ms, not valid, fitness = 2.0 (adj = 0, att = 2)

Level 54:
  Backtracking: {[1,11], [8,2], [6,3], [5,5], [2,0], [4,10], [7,8], [11,7], [3,6], [10,4], [9,9], [0,1]}, 1ms, valid
  PSO: {[4,11], [10,3], [7,2], [6,6], [2,1], [5,9], [8,10], [11,8], [3,7], [10,5], [9,9], [0,4]}, 4541ms, not valid, fitness = 3.0 (adj = 1, att = 2)

Level 55:
  Backtracking: {[2,4], [6,0], [3,1], [0,5], [1,9], [4,10], [7,8], [10,3], [5,2], [8,11], [11,6], [9,7]}, 0ms, valid
  PSO: {[2,6], [10,2], [5,0], [0,5], [6,11], [4,10], [7,8], [9,4], [1,3], [8,11], [11,7], [9,9]}, 4465ms, not valid, fitness = 2.0 (adj = 0, att = 2)

Level 56:
  Backtracking: {[6,11], [7,9], [5,1], [4,10], [0,8], [2,0], [11,5], [10,7], [9,3], [3,4], [8,6], [1,2]}, 2ms, valid
  PSO: {[6,11], [8,9], [7,4], [4,6], [0,8], [3,1], [11,2], [11,7], [10,0], [2,3], [9,5], [1,1]}, 4509ms, not valid, fitness = 2.0 (adj = 0, att = 2)

Level 57:
  Backtracking: {[6,0], [11,10], [4,5], [5,7], [0,2], [3,3], [10,1], [2,8], [9,9], [1,4], [7,6], [8,11]}, 2ms, valid
  PSO: {[5,0], [9,10], [4,5], [3,9], [1,2], [4,3], [11,1], [0,7], [8,4], [2,6], [6,6], [7,8]}, 4541ms, not valid, fitness = 2.0 (adj = 0, att = 2)

Level 58:
  Backtracking: {[7,1], [10,0], [6,4], [3,10], [1,5], [4,6], [9,2], [8,8], [0,11], [11,3], [5,9], [2,7]}, 4ms, valid
  PSO: {[0,3], [10,0], [6,4], [3,11], [1,5], [5,6], [8,2], [7,10], [0,11], [11,8], [4,9], [2,7]}, 4590ms, not valid, fitness = 2.0 (adj = 0, att = 2)

Level 59:
  Backtracking: {[4,11], [3,0], [5,9], [0,8], [1,2], [2,10], [6,4], [11,3], [10,7], [7,6], [9,5], [8,1]}, 20ms, valid
  PSO: {[0,10], [3,0], [7,8], [1,6], [1,2], [2,11], [6,4], [11,3], [10,7], [5,2], [8,5], [9,1]}, 4396ms, not valid, fitness = 2.0 (adj = 0, att = 2)

Level 60:
  Backtracking: {[1,3], [11,7], [5,1], [2,0], [0,5], [3,2], [7,4], [9,8], [4,9], [6,6], [8,10], [10,11]}, 0ms, valid
  PSO: {[2,5], [11,7], [5,0], [0,1], [0,6], [3,2], [7,4], [9,8], [4,10], [6,6], [8,10], [10,11]}, 4478ms, not valid, fitness = 3.0 (adj = 0, att = 3)

Level 61:
  Backtracking: {[3,9], [11,10], [4,5], [6,6], [1,7], [5,11], [8,0], [0,1], [10,8], [2,3], [9,2], [7,4]}, 0ms, valid
  PSO: {[3,9], [11,10], [5,6], [7,8], [1,7], [4,11], [6,3], [2,1], [10,8], [4,4], [9,0], [8,5]}, 4417ms, not valid, fitness = 2.0 (adj = 0, att = 2)

Level 62:
  Backtracking: {[2,3], [7,1], [4,9], [3,7], [0,6], [11,11], [6,5], [9,10], [5,0], [1,8], [8,4], [10,2]}, 1ms, valid
  PSO: {[3,3], [6,0], [4,9], [2,8], [0,6], [11,11], [7,7], [9,10], [3,1], [1,10], [10,4], [8,2]}, 4567ms, not valid, fitness = 2.0 (adj = 0, att = 2)

Level 63:
  Backtracking: {[3,11], [7,8], [4,2], [2,4], [0,0], [5,10], [11,5], [10,3], [8,6], [1,7], [9,9], [6,1]}, 1ms, valid
  PSO: {[3,10], [7,8], [6,2], [2,5], [0,0], [4,3], [10,11], [11,4], [8,6], [1,7], [9,9], [11,1]}, 4559ms, not valid, fitness = 1.0 (adj = 0, att = 1)

Level 64:
  Backtracking: {[4,6], [11,2], [6,11], [5,3], [3,4], [2,0], [8,1], [9,8], [0,10], [7,9], [10,5], [1,7]}, 3ms, valid
  PSO: {[4,6], [11,2], [6,10], [5,3], [1,1], [7,3], [9,0], [9,11], [0,4], [8,9], [10,5], [2,7]}, 4525ms, not valid, fitness = 2.0 (adj = 0, att = 2)

Level 65:
  Backtracking: {[3,7], [10,11], [7,0], [2,10], [1,2], [4,5], [6,6], [9,1], [0,4], [5,8], [11,9], [8,3]}, 0ms, valid
  PSO: {[5,2], [10,11], [7,0], [2,10], [0,1], [4,5], [7,6], [9,1], [1,4], [6,9], [11,8], [8,3]}, 4638ms, not valid, fitness = 2.0 (adj = 0, att = 2)

Level 66:
  Backtracking: {[3,2], [10,7], [5,6], [4,4], [0,1], [11,9], [6,10], [8,5], [1,8], [2,0], [9,11], [7,3]}, 0ms, valid
  PSO: {[3,3], [10,7], [5,6], [6,1], [1,2], [11,9], [6,10], [9,1], [0,5], [2,0], [8,11], [7,4]}, 4503ms, not valid, fitness = 2.0 (adj = 0, att = 2)

Level 67:
  Backtracking: {[5,8], [11,11], [6,1], [4,4], [0,2], [2,9], [8,10], [10,0], [1,5], [3,6], [9,7], [7,3]}, 1ms, valid
  PSO: {[5,7], [11,11], [6,2], [4,4], [0,1], [2,9], [9,10], [10,0], [1,5], [3,6], [10,8], [8,3]}, 4536ms, not valid, fitness = 1.0 (adj = 0, att = 1)

Level 68:
  Backtracking: {[2,5], [10,9], [3,3], [0,7], [11,4], [5,8], [6,11], [1,2], [4,10], [7,1], [9,0], [8,6]}, 14ms, valid
  PSO: {[2,5], [10,8], [3,2], [5,3], [11,4], [4,7], [6,11], [1,1], [0,9], [7,1], [9,0], [8,6]}, 4439ms, not valid, fitness = 1.0 (adj = 0, att = 1)

Level 69:
  Backtracking: {[4,6], [11,7], [8,3], [3,11], [0,4], [5,9], [6,5], [2,8], [1,2], [10,10], [9,1], [7,0]}, 1ms, valid
  PSO: {[6,7], [9,8], [7,3], [4,11], [0,4], [5,9], [9,5], [3,8], [2,0], [10,10], [11,2], [8,1]}, 4645ms, not valid, fitness = 2.0 (adj = 0, att = 2)

Level 70:
  Backtracking: {[3,5], [11,10], [5,6], [2,7], [0,0], [4,2], [7,11], [8,8], [1,4], [6,9], [9,1], [10,3]}, 0ms, valid
  PSO: {[5,5], [11,11], [10,6], [2,10], [0,0], [4,1], [8,10], [8,8], [1,7], [6,9], [9,1], [7,2]}, 4686ms, not valid, fitness = 3.0 (adj = 0, att = 3)

Level 71:
  Backtracking: {[3,3], [11,9], [6,10], [5,7], [0,0], [4,5], [9,8], [7,4], [2,1], [1,11], [10,2], [8,6]}, 0ms, valid
  PSO: {[3,2], [11,7], [6,10], [5,7], [0,3], [4,5], [9,8], [7,4], [5,1], [2,11], [10,2], [8,6]}, 4532ms, not valid, fitness = 3.0 (adj = 0, att = 3)

Level 72:
  Backtracking: {[2,5], [11,7], [6,8], [5,10], [0,0], [8,6], [7,4], [4,1], [1,2], [9,11], [10,3], [3,9]}, 0ms, valid
  PSO: {[4,4], [11,8], [6,8], [5,10], [0,2], [10,6], [7,5], [4,1], [1,7], [8,11], [9,0], [3,9]}, 4554ms, not valid, fitness = 2.0 (adj = 0, att = 2)

Level 73:
  Backtracking: {[3,8], [11,2], [6,7], [5,4], [0,9], [4,1], [8,6], [10,5], [1,3], [7,11], [9,0], [2,10]}, 1ms, valid
  PSO: {[3,8], [11,0], [6,7], [7,5], [1,9], [4,1], [10,6], [11,4], [2,3], [8,11], [9,0], [5,10]}, 4410ms, not valid, fitness = 2.0 (adj = 0, att = 2)

Level 74:
  Backtracking: {[3,4], [11,8], [7,3], [5,11], [0,2], [4,6], [8,5], [6,0], [1,9], [2,1], [9,7], [10,10]}, 0ms, valid
  PSO: {[3,4], [11,8], [10,5], [2,11], [1,1], [5,7], [7,6], [6,3], [0,9], [4,2], [9,7], [8,10]}, 4383ms, not valid, fitness = 1.0 (adj = 0, att = 1)

Level 75:
  Backtracking: {[6,2], [8,3], [4,4], [7,10], [1,0], [3,1], [9,7], [2,5], [0,8], [11,6], [5,11], [10,9]}, 1ms, valid
  PSO: {[7,1], [8,3], [4,4], [2,7], [1,0], [3,1], [9,5], [0,3], [0,8], [11,6], [5,11], [10,9]}, 4442ms, not valid, fitness = 3.0 (adj = 0, att = 3)

Level 76:
  Backtracking: {[3,9], [6,8], [2,2], [5,0], [0,7], [4,6], [10,3], [7,1], [11,11], [1,4], [9,10], [8,5]}, 0ms, valid
  PSO: {[3,10], [7,9], [2,5], [9,4], [0,8], [4,6], [8,2], [10,0], [11,11], [1,3], [9,11], [6,7]}, 4366ms, not valid, fitness = 2.0 (adj = 0, att = 2)

Level 77:
  Backtracking: {[7,11], [11,2], [4,10], [5,7], [1,5], [3,0], [6,1], [9,6], [0,8], [8,3], [10,4], [2,9]}, 1ms, valid
  PSO: {[7,11], [11,0], [5,10], [4,2], [1,6], [2,0], [6,1], [9,8], [0,9], [8,3], [10,5], [3,10]}, 4500ms, not valid, fitness = 2.0 (adj = 0, att = 2)

Level 78:
  Backtracking: {[1,10], [11,9], [5,7], [4,1], [0,4], [6,0], [8,3], [9,8], [3,11], [2,5], [10,2], [7,6]}, 2ms, valid
  PSO: {[0,7], [10,9], [8,10], [6,4], [1,1], [5,0], [9,5], [10,8], [4,11], [3,7], [11,2], [7,6]}, 4504ms, not valid, fitness = 3.0 (adj = 1, att = 2)

Level 79:
  Backtracking: {[1,4], [10,11], [7,7], [4,6], [0,1], [2,10], [8,5], [5,0], [3,3], [11,8], [9,9], [6,2]}, 0ms, valid
  PSO: {[1,5], [10,11], [6,7], [4,9], [0,0], [2,10], [9,6], [5,2], [3,3], [11,8], [11,9], [7,4]}, 4433ms, not valid, fitness = 3.0 (adj = 1, att = 2)

Level 80:
  Backtracking: {[2,0], [11,10], [5,2], [0,1], [3,7], [4,11], [8,6], [10,5], [7,4], [1,3], [9,8], [6,9]}, 1ms, valid
  PSO: {[7,1], [11,10], [5,2], [0,0], [2,10], [4,11], [10,3], [11,6], [7,4], [1,7], [9,8], [6,9]}, 4468ms, not valid, fitness = 3.0 (adj = 0, att = 3)

Level 81:
  Backtracking: {[4,7], [11,10], [6,8], [3,9], [0,4], [2,11], [5,0], [10,5], [1,1], [7,2], [8,6], [9,3]}, 1ms, valid
  PSO: {[6,5], [11,9], [9,10], [3,9], [1,8], [2,11], [5,0], [10,7], [4,4], [7,2], [8,6], [10,1]}, 4503ms, not valid, fitness = 2.0 (adj = 0, att = 2)

Level 82:
  Backtracking: {[1,7], [7,9], [6,6], [4,0], [3,2], [5,8], [11,11], [9,10], [2,4], [10,1], [8,3], [0,5]}, 5ms, valid
  PSO: {[2,10], [8,9], [6,6], [9,2], [1,3], [5,8], [11,11], [10,7], [4,5], [11,1], [7,4], [0,5]}, 4579ms, not valid, fitness = 2.0 (adj = 0, att = 2)

Level 83:
  Backtracking: {[3,9], [5,0], [4,4], [1,2], [0,10], [6,5], [7,7], [10,8], [11,6], [2,11], [9,3], [8,1]}, 0ms, valid
  PSO: {[3,10], [6,0], [8,2], [4,5], [1,9], [9,11], [7,7], [10,8], [11,6], [0,11], [11,4], [2,1]}, 4456ms, not valid, fitness = 2.0 (adj = 0, att = 2)

Level 84:
  Backtracking: {[3,4], [10,10], [4,8], [2,9], [0,2], [5,3], [7,5], [8,1], [1,0], [6,11], [11,7], [9,6]}, 0ms, valid
  PSO: {[3,4], [11,9], [5,7], [1,10], [0,2], [6,3], [7,5], [10,4], [4,1], [9,11], [8,8], [9,6]}, 4529ms, not valid, fitness = 2.0 (adj = 0, att = 2)

Level 85:
  Backtracking: {[1,8], [9,9], [3,7], [6,11], [4,5], [2,10], [8,0], [10,1], [0,6], [5,2], [11,4], [7,3]}, 0ms, valid
  PSO: {[1,8], [8,11], [3,7], [6,10], [4,5], [2,10], [5,0], [10,2], [0,9], [9,6], [11,4], [7,3]}, 4434ms, not valid, fitness = 2.0 (adj = 1, att = 1)

Level 86:
  Backtracking: {[4,0], [10,11], [6,10], [7,1], [0,2], [5,7], [3,6], [9,5], [1,8], [2,3], [11,4], [8,9]}, 2ms, valid
  PSO: {[4,0], [11,11], [9,10], [7,1], [0,2], [5,7], [3,6], [11,6], [1,8], [2,3], [10,4], [8,5]}, 4407ms, not valid, fitness = 2.0 (adj = 0, att = 2)

Level 87:
  Backtracking: {[2,8], [11,1], [4,5], [3,3], [8,11], [7,4], [6,0], [10,10], [0,7], [1,2], [9,6], [5,9]}, 3ms, valid
  PSO: {[2,9], [10,2], [4,5], [3,3], [5,8], [7,4], [2,1], [10,11], [1,7], [0,0], [11,6], [6,10]}, 4325ms, not valid, fitness = 2.0 (adj = 0, att = 2)

Level 88:
  Backtracking: {[7,8], [5,7], [3,0], [1,3], [0,5], [4,2], [6,11], [10,4], [11,6], [2,9], [8,10], [9,1]}, 0ms, valid
  PSO: {[7,9], [5,7], [7,3], [1,1], [0,5], [4,2], [6,11], [10,4], [11,8], [2,11], [9,10], [8,0]}, 4366ms, not valid, fitness = 2.0 (adj = 0, att = 2)

Level 89:
  Backtracking: {[2,5], [5,0], [4,7], [0,4], [3,2], [11,11], [8,8], [10,1], [6,6], [1,9], [9,10], [7,3]}, 1ms, valid
  PSO: {[3,10], [6,1], [4,8], [0,5], [2,3], [11,11], [9,11], [11,2], [5,6], [1,9], [10,7], [7,4]}, 4300ms, not valid, fitness = 2.0 (adj = 0, att = 2)

Level 90:
  Backtracking: {[2,7], [11,8], [7,5], [5,4], [0,3], [3,11], [8,0], [10,6], [1,10], [4,2], [9,9], [6,1]}, 4ms, valid
  PSO: {[5,9], [11,8], [7,5], [3,3], [4,7], [2,10], [8,0], [10,6], [0,9], [1,1], [9,11], [8,2]}, 4348ms, not valid, fitness = 2.0 (adj = 0, att = 2)

Level 91:
  Backtracking: {[5,8], [10,3], [6,11], [3,2], [0,1], [2,0], [7,4], [9,5], [1,6], [4,10], [11,9], [8,7]}, 0ms, valid
  PSO: {[3,11], [10,3], [6,11], [4,2], [2,8], [5,0], [7,4], [9,5], [1,6], [4,9], [11,10], [8,7]}, 4256ms, not valid, fitness = 2.0 (adj = 0, att = 2)

Level 92:
  Backtracking: {[10,11], [1,6], [11,3], [5,5], [3,7], [0,10], [8,0], [7,4], [2,9], [6,1], [9,8], [4,2]}, 0ms, valid
  PSO: {[10,11], [2,2], [11,3], [4,5], [3,8], [0,6], [7,0], [8,4], [8,10], [5,1], [9,7], [6,3]}, 4312ms, not valid, fitness = 2.0 (adj = 0, att = 2)

Level 93:
  Backtracking: {[11,1], [2,6], [9,0], [6,8], [8,9], [0,7], [5,11], [10,5], [1,10], [3,4], [7,3], [4,2]}, 0ms, valid
  PSO: {[11,1], [4,9], [9,0], [6,8], [6,6], [0,10], [5,11], [8,7], [2,10], [1,5], [7,2], [3,3]}, 4312ms, not valid, fitness = 2.0 (adj = 0, att = 2)

Level 94:
  Backtracking: {[10,6], [3,0], [11,2], [8,5], [9,9], [1,1], [7,11], [5,8], [2,7], [0,10], [6,3], [4,4]}, 2ms, valid
  PSO: {[11,6], [6,1], [9,3], [8,7], [8,10], [1,2], [6,11], [5,8], [2,7], [3,9], [7,5], [4,4]}, 4202ms, not valid, fitness = 3.0 (adj = 0, att = 3)

Level 95:
  Backtracking: {[4,7], [3,3], [7,8], [6,11], [5,9], [0,4], [2,0], [11,1], [1,2], [9,10], [8,6], [10,5]}, 13ms, valid
  PSO: {[4,7], [6,4], [8,9], [6,11], [7,6], [1,8], [5,0], [11,3], [0,1], [10,10], [11,7], [9,5]}, 4328ms, not valid, fitness = 3.0 (adj = 0, att = 3)

Level 96:
  Backtracking: {[11,6], [1,8], [9,5], [5,7], [10,1], [0,10], [6,0], [8,11], [3,9], [2,4], [7,2], [4,3]}, 1ms, valid
  PSO: {[11,9], [1,8], [10,5], [4,11], [6,4], [0,10], [5,0], [8,11], [2,10], [9,7], [7,2], [3,3]}, 4157ms, not valid, fitness = 2.0 (adj = 0, att = 2)

Level 97:
  Backtracking: {[10,10], [3,2], [9,1], [6,4], [5,9], [0,8], [7,11], [2,7], [1,5], [11,0], [8,3], [4,6]}, 0ms, valid
  PSO: {[11,10], [4,2], [9,1], [8,8], [6,6], [1,9], [7,11], [2,7], [0,3], [11,0], [10,5], [3,5]}, 4127ms, not valid, fitness = 2.0 (adj = 0, att = 2)

Level 98:
  Backtracking: {[10,8], [4,1], [11,2], [5,9], [2,11], [0,10], [6,4], [8,3], [1,7], [7,0], [9,5], [3,6]}, 3ms, valid
  PSO: {[9,10], [4,1], [11,5], [3,11], [1,11], [0,8], [5,4], [8,3], [2,9], [6,0], [10,7], [7,8]}, 4215ms, not valid, fitness = 2.0 (adj = 0, att = 2)

Level 99:
  Backtracking: {[2,1], [4,4], [10,2], [7,3], [5,9], [0,7], [9,6], [3,10], [11,8], [1,5], [6,11], [8,0]}, 0ms, valid
  PSO: {[1,4], [9,5], [10,2], [7,3], [5,9], [0,8], [9,7], [3,11], [11,10], [2,6], [6,11], [8,0]}, 4121ms, not valid, fitness = 2.0 (adj = 0, att = 2)

Level 100:
  Backtracking: {[11,2], [1,10], [10,5], [5,8], [3,11], [0,6], [7,7], [8,4], [9,9], [2,0], [4,1], [6,3]}, 0ms, valid
  PSO: {[11,2], [1,10], [10,5], [5,8], [3,11], [2,7], [7,8], [8,4], [9,9], [6,6], [7,0], [4,3]}, 4149ms, not valid, fitness = 2.0 (adj = 0, att = 2)

