======= 11x11 BOARDS =======
PSO Parameters: iterations=100000, particles=5000, neighborhoods=200, c1=1.0, c2=1.0, inertia=0.7, w1=1.0, w2=1.0, maxStagnation=500

Level 1:
  Backtracking: {[4,9], [6,3], [2,4], [1,0], [5,1], [10,5], [8,2], [7,8], [0,7], [9,10], [3,6]}, 0ms, valid
  PSO: {[6,10], [8,4], [4,3], [2,2], [9,1], [10,5], [7,0], [6,7], [0,8], [10,9], [3,6]}, 3764ms, not valid, fitness = 2.0 (adj = 0, att = 2)

Level 2:
  Backtracking: {[0,2], [9,8], [8,10], [6,9], [4,0], [5,5], [7,7], [1,4], [3,3], [2,1], [10,6]}, 2ms, valid
  PSO: {[0,2], [8,9], [10,10], [6,9], [4,0], [5,6], [7,7], [1,4], [3,3], [2,1], [10,8]}, 3553ms, not valid, fitness = 2.0 (adj = 0, att = 2)

Level 3:
  Backtracking: {[0,8], [7,3], [10,5], [1,4], [3,7], [8,10], [2,1], [5,6], [4,0], [6,9], [9,2]}, 1ms, valid
  PSO: {[1,8], [6,1], [7,4], [4,3], [3,7], [9,9], [0,0], [8,6], [2,0], [6,10], [10,2]}, 3736ms, not valid, fitness = 2.0 (adj = 0, att = 2)

Level 4:
  Backtracking: {[8,0], [5,9], [6,1], [2,2], [9,4], [10,6], [7,8], [3,5], [0,10], [4,3], [1,7]}, 1ms, valid
  PSO: {[9,0], [6,9], [7,2], [4,1], [9,4], [10,6], [8,8], [5,5], [0,6], [3,3], [2,7]}, 4115ms, not valid, fitness = 2.0 (adj = 0, att = 2)

Level 5:
  Backtracking: {[2,8], [8,5], [7,3], [6,7], [0,1], [1,10], [4,0], [3,4], [10,6], [9,2], [5,9]}, 0ms, valid
  PSO: {[4,7], [8,5], [7,3], [6,8], [1,0], [2,9], [7,1], [3,4], [10,6], [9,2], [5,3]}, 3921ms, not valid, fitness = 2.0 (adj = 0, att = 2)

Level 6:
  Backtracking: {[0,6], [8,3], [9,5], [2,7], [4,8], [1,9], [3,10], [5,4], [7,0], [10,1], [6,2]}, 0ms, valid
  PSO: {[0,6], [8,3], [10,5], [2,7], [4,8], [1,9], [3,10], [5,6], [7,0], [10,1], [6,2]}, 3919ms, not valid, fitness = 2.0 (adj = 0, att = 2)

Level 7:
  Backtracking: {[4,6], [10,5], [8,7], [5,2], [1,3], [2,8], [7,9], [9,1], [0,10], [6,4], [3,0]}, 0ms, valid
  PSO: {[5,8], [10,5], [8,8], [7,1], [2,3], [1,9], [9,10], [10,2], [0,7], [6,4], [3,0]}, 4315ms, not valid, fitness = 2.0 (adj = 0, att = 2)

Level 8:
  Backtracking: {[3,6], [9,10], [5,5], [6,1], [1,2], [10,3], [4,9], [2,0], [8,4], [0,7], [7,8]}, 1ms, valid
  PSO: {[2,5], [10,7], [5,5], [6,1], [5,3], [9,0], [4,9], [3,2], [8,4], [0,10], [7,8]}, 4778ms, not valid, fitness = 2.0 (adj = 0, att = 2)

Level 9:
  Backtracking: {[3,9], [10,1], [6,6], [5,4], [7,8], [8,0], [0,2], [9,10], [1,5], [4,7], [2,3]}, 0ms, valid
  PSO: {[7,9], [10,1], [6,6], [5,4], [8,7], [4,0], [0,2], [3,10], [1,5], [4,7], [2,3]}, 4142ms, not valid, fitness = 2.0 (adj = 0, att = 2)

Level 10:
  Backtracking: {[0,5], [10,0], [9,8], [2,2], [8,4], [4,10], [5,3], [3,6], [6,7], [7,1], [1,9]}, 1ms, valid
  PSO: {[0,5], [10,0], [8,8], [2,3], [9,6], [4,10], [5,4], [3,6], [6,7], [7,10], [1,9]}, 4224ms, not valid, fitness = 2.0 (adj = 0, att = 2)

Level 11:
  Backtracking: {[4,1], [10,10], [9,3], [2,8], [8,7], [0,0], [3,5], [5,6], [7,4], [6,9], [1,2]}, 0ms, valid
  PSO: {[4,1], [10,8], [10,3], [0,7], [2,10], [0,0], [3,5], [5,6], [8,4], [6,9], [1,2]}, 4527ms, not valid, fitness = 2.0 (adj = 0, att = 2)

Level 12:
  Backtracking: {[0,9], [7,8], [10,7], [9,4], [5,10], [3,1], [2,6], [1,2], [6,3], [8,0], [4,5]}, 0ms, valid
  PSO: {[1,10], [6,10], [8,8], [5,2], [4,9], [0,3], [2,6], [1,0], [7,5], [9,1], [0,7]}, 4254ms, not valid, fitness = 3.0 (adj = 0, att = 3)

Level 13:
  Backtracking: {[3,8], [9,6], [8,9], [1,0], [5,1], [0,7], [6,5], [2,2], [7,3], [10,10], [4,4]}, 0ms, valid
  PSO: {[6,7], [8,4], [7,9], [1,1], [7,0], [2,3], [5,5], [4,2], [9,2], [10,8], [3,6]}, 4391ms, not valid, fitness = 2.0 (adj = 0, att = 2)

Level 14:
  Backtracking: {[4,9], [9,0], [7,7], [0,8], [10,4], [1,5], [2,1], [3,3], [8,10], [5,6], [6,2]}, 1ms, valid
  PSO: {[3,8], [9,0], [8,7], [0,9], [6,3], [2,4], [1,2], [7,0], [10,10], [5,5], [4,1]}, 4017ms, not valid, fitness = 1.0 (adj = 0, att = 1)

Level 15:
  Backtracking: {[3,7], [10,10], [7,3], [2,5], [9,6], [1,2], [4,0], [5,4], [8,8], [6,1], [0,9]}, 1ms, valid
  PSO: {[8,4], [10,10], [9,2], [2,5], [4,8], [1,2], [3,0], [5,1], [7,7], [6,3], [0,9]}, 4099ms, not valid, fitness = 1.0 (adj = 0, att = 1)

Level 16:
  Backtracking: {[4,3], [10,2], [8,9], [7,4], [6,10], [0,8], [5,7], [2,1], [9,0], [1,5], [3,6]}, 0ms, valid
  PSO: {[5,2], [10,0], [9,10], [10,5], [7,5], [0,9], [4,8], [1,6], [8,1], [2,4], [6,7]}, 4133ms, not valid, fitness = 2.0 (adj = 0, att = 2)

Level 17:
  Backtracking: {[6,8], [9,9], [0,10], [4,7], [8,3], [7,6], [2,0], [3,2], [10,1], [1,4], [5,5]}, 2ms, valid
  PSO: {[6,8], [8,7], [3,9], [1,6], [4,2], [3,4], [0,0], [2,1], [10,10], [0,3], [5,5]}, 3931ms, not valid, fitness = 2.0 (adj = 0, att = 2)

Level 18:
  Backtracking: {[6,5], [10,6], [9,8], [3,4], [4,0], [0,3], [5,10], [2,1], [7,9], [8,2], [1,7]}, 7ms, valid
  PSO: {[6,4], [10,7], [8,8], [0,5], [4,0], [2,2], [1,9], [0,1], [7,10], [9,3], [3,6]}, 4051ms, not valid, fitness = 1.0 (adj = 0, att = 1)

Level 19:
  Backtracking: {[6,10], [9,3], [8,6], [7,8], [5,4], [4,7], [1,0], [3,5], [10,1], [0,9], [2,2]}, 0ms, valid
  PSO: {[3,9], [9,3], [8,5], [6,4], [4,3], [5,8], [7,0], [0,2], [10,7], [1,6], [2,2]}, 4540ms, not valid, fitness = 2.0 (adj = 0, att = 2)

Level 20:
  Backtracking: {[7,4], [10,9], [9,0], [3,5], [6,2], [2,3], [4,10], [0,1], [8,7], [5,8], [1,6]}, 30ms, valid
  PSO: {[5,6], [10,4], [8,2], [0,3], [6,0], [1,1], [4,10], [3,0], [7,9], [4,8], [2,7]}, 5052ms, not valid, fitness = 2.0 (adj = 0, att = 2)

Level 21:
  Backtracking: {[2,8], [8,7], [6,9], [3,4], [5,6], [1,5], [9,10], [0,3], [10,2], [7,0], [4,1]}, 0ms, valid
  PSO: {[1,8], [6,5], [5,9], [1,4], [3,8], [2,6], [9,10], [0,2], [10,0], [7,7], [4,3]}, 4559ms, not valid, fitness = 2.0 (adj = 0, att = 2)

Level 22:
  Backtracking: {[0,8], [6,5], [2,0], [3,4], [8,6], [1,3], [7,2], [5,9], [4,7], [10,1], [9,10]}, 0ms, valid
  PSO: {[1,10], [6,3], [3,2], [5,6], [7,7], [0,1], [8,4], [7,10], [2,8], [9,0], [10,9]}, 4369ms, not valid, fitness = 2.0 (adj = 0, att = 2)

Level 23:
  Backtracking: {[2,2], [7,6], [9,1], [10,10], [1,9], [0,0], [8,8], [3,5], [6,4], [5,7], [4,3]}, 0ms, valid
  PSO: {[2,7], [7,6], [8,1], [1,0], [9,10], [0,2], [8,3], [3,5], [6,4], [5,7], [4,3]}, 4232ms, not valid, fitness = 3.0 (adj = 0, att = 3)

Level 24:
  Backtracking: {[8,8], [10,2], [6,7], [1,9], [4,6], [9,0], [0,1], [2,3], [3,10], [7,5], [5,4]}, 10ms, valid
  PSO: {[7,10], [10,9], [6,7], [2,8], [3,5], [9,0], [0,0], [1,3], [4,10], [8,2], [5,4]}, 4235ms, not valid, fitness = 2.0 (adj = 0, att = 2)

Level 25:
  Backtracking: {[6,5], [10,1], [4,8], [0,6], [9,7], [8,3], [7,9], [1,2], [5,10], [2,0], [3,4]}, 0ms, valid
  PSO: {[4,5], [10,1], [4,8], [0,6], [9,7], [8,3], [7,9], [2,4], [5,10], [3,0], [6,6]}, 4636ms, not valid, fitness = 2.0 (adj = 0, att = 2)

Level 26:
  Backtracking: {[4,8], [9,10], [10,3], [5,6], [6,4], [7,2], [3,1], [8,0], [1,9], [0,7], [2,5]}, 2ms, valid
  PSO: {[4,10], [10,8], [7,10], [1,4], [5,3], [6,6], [3,2], [8,0], [2,9], [0,7], [3,5]}, 4395ms, not valid, fitness = 2.0 (adj = 0, att = 2)

Level 27:
  Backtracking: {[5,5], [10,1], [1,2], [2,4], [6,10], [4,7], [8,9], [7,6], [0,8], [9,3], [3,0]}, 1ms, valid
  PSO: {[8,1], [10,5], [2,2], [3,5], [6,9], [4,7], [9,8], [7,6], [1,10], [9,3], [0,4]}, 4820ms, not valid, fitness = 2.0 (adj = 0, att = 2)

Level 28:
  Backtracking: {[4,3], [5,5], [7,7], [8,1], [3,8], [9,10], [2,6], [6,2], [10,0], [1,9], [0,4]}, 0ms, valid
  PSO: {[3,3], [5,5], [0,7], [10,2], [2,8], [9,10], [3,6], [6,3], [7,0], [4,9], [1,4]}, 4198ms, not valid, fitness = 2.0 (adj = 0, att = 2)

Level 29:
  Backtracking: {[4,7], [8,10], [1,8], [3,0], [2,6], [10,2], [7,1], [0,5], [9,4], [6,3], [5,9]}, 0ms, valid
  PSO: {[5,7], [3,9], [1,10], [2,0], [4,1], [10,2], [8,2], [0,5], [9,4], [6,3], [7,8]}, 4270ms, not valid, fitness = 1.0 (adj = 0, att = 1)

Level 30:
  Backtracking: {[1,8], [9,5], [5,3], [0,2], [8,9], [10,0], [6,1], [3,4], [4,6], [7,7], [2,10]}, 0ms, valid
  PSO: {[2,8], [10,5], [4,2], [1,1], [9,9], [10,0], [6,3], [3,4], [0,6], [7,7], [2,10]}, 4350ms, not valid, fitness = 2.0 (adj = 0, att = 2)

