======= 10x10 BOARDS =======
PSO Parameters: iterations=100000, particles=50000, neighborhoods=50, c1=1.5, c2=1.0, inertia=0.4, w1=1.0, w2=1.0, maxStagnation=500

Level 1:
  Backtracking: {[4,4], [3,7], [2,1], [7,8], [0,3], [8,0], [9,9], [5,2], [1,6], [6,5]}, 1ms, valid
  PSO: {[1,4], [3,8], [3,1], [5,7], [0,2], [8,0], [7,9], [6,3], [2,6], [4,5]}, 34834ms, not valid, fitness = 1.0 (adj = 0, att = 1)

Level 2:
  Backtracking: {[2,7], [3,2], [1,5], [6,3], [0,8], [9,6], [4,4], [5,0], [7,9], [8,1]}, 1ms, valid
  PSO: {[3,8], [5,1], [1,5], [6,6], [0,8], [8,7], [4,4], [2,0], [7,9], [9,3]}, 34143ms, not valid, fitness = 1.0 (adj = 0, att = 1)

Level 3:
  Backtracking: {[3,2], [5,1], [6,5], [0,7], [9,6], [8,4], [2,0], [7,8], [4,9], [1,3]}, 2ms, valid
  PSO: {[2,3], [6,0], [4,4], [1,8], [8,5], [9,1], [0,2], [7,9], [3,7], [0,6]}, 35178ms, not valid, fitness = 1.0 (adj = 0, att = 1)

Level 4:
  Backtracking: {[1,9], [8,0], [0,6], [6,5], [4,8], [9,4], [3,3], [5,2], [7,7], [2,1]}, 0ms, valid
  PSO: {[1,9], [8,0], [0,6], [4,5], [5,8], [9,2], [3,3], [6,1], [7,7], [2,0]}, 34409ms, not valid, fitness = 1.0 (adj = 0, att = 1)

Level 5:
  Backtracking: {[5,6], [9,1], [8,4], [3,5], [6,9], [0,2], [4,8], [2,3], [7,7], [1,0]}, 0ms, valid
  PSO: {[5,6], [9,1], [8,4], [3,5], [6,9], [0,2], [4,8], [2,3], [7,7], [1,0]}, 216ms, valid

Level 6:
  Backtracking: {[5,1], [4,3], [3,7], [0,9], [2,2], [8,5], [9,0], [6,6], [1,4], [7,8]}, 0ms, valid
  PSO: {[5,1], [4,3], [3,7], [0,9], [2,2], [8,5], [9,0], [6,6], [1,4], [7,8]}, 229ms, valid

Level 7:
  Backtracking: {[5,5], [8,6], [1,1], [3,2], [9,3], [2,8], [0,4], [7,9], [6,7], [4,0]}, 0ms, valid
  PSO: {[5,2], [9,6], [1,1], [2,3], [7,0], [3,9], [0,4], [8,8], [6,7], [4,0]}, 34808ms, not valid, fitness = 1.0 (adj = 0, att = 1)

Level 8:
  Backtracking: {[1,1], [4,3], [2,4], [0,9], [6,2], [3,7], [8,8], [9,0], [7,6], [5,5]}, 0ms, valid
  PSO: {[5,1], [4,4], [2,2], [0,0], [6,3], [7,7], [1,8], [8,9], [3,6], [6,5]}, 34670ms, not valid, fitness = 1.0 (adj = 0, att = 1)

Level 9:
  Backtracking: {[4,9], [7,5], [6,3], [0,2], [5,6], [9,1], [3,4], [2,0], [8,7], [1,8]}, 0ms, valid
  PSO: {[3,7], [7,6], [6,3], [2,4], [5,6], [9,1], [0,5], [4,0], [8,9], [1,8]}, 34377ms, not valid, fitness = 1.0 (adj = 0, att = 1)

Level 10:
  Backtracking: {[6,6], [8,7], [3,0], [7,9], [0,8], [5,1], [1,5], [2,3], [9,2], [4,4]}, 0ms, valid
  PSO: {[5,6], [8,8], [3,1], [7,0], [0,9], [6,2], [1,5], [2,3], [9,3], [4,4]}, 33925ms, not valid, fitness = 1.0 (adj = 0, att = 1)

Level 11:
  Backtracking: {[3,1], [6,2], [1,9], [9,5], [5,8], [8,0], [2,7], [7,6], [0,4], [4,3]}, 0ms, valid
  PSO: {[3,1], [7,0], [0,9], [8,5], [5,6], [9,0], [2,7], [6,4], [1,2], [4,3]}, 40688ms, not valid, fitness = 1.0 (adj = 0, att = 1)

Level 12:
  Backtracking: {[3,5], [8,4], [5,1], [9,9], [2,3], [7,2], [6,6], [0,0], [1,8], [4,7]}, 0ms, valid
  PSO: {[3,5], [8,4], [5,1], [9,9], [2,3], [7,2], [6,6], [0,0], [1,8], [4,7]}, 422ms, valid

Level 13:
  Backtracking: {[1,6], [3,5], [5,3], [6,9], [2,1], [7,4], [9,7], [4,8], [8,0], [0,2]}, 0ms, valid
  PSO: {[1,6], [3,5], [5,3], [6,9], [2,1], [7,4], [9,7], [4,8], [8,0], [0,2]}, 301ms, valid

Level 14:
  Backtracking: {[4,0], [6,3], [8,1], [1,9], [9,5], [5,7], [2,2], [0,4], [7,6], [3,8]}, 0ms, valid
  PSO: {[4,0], [6,3], [8,1], [1,9], [9,5], [5,7], [2,2], [0,4], [7,6], [3,8]}, 301ms, valid

Level 15:
  Backtracking: {[3,5], [9,0], [7,4], [1,7], [8,6], [6,2], [2,1], [0,9], [5,8], [4,3]}, 0ms, valid
  PSO: {[3,5], [9,0], [7,4], [1,7], [8,6], [6,2], [2,1], [0,9], [5,8], [4,3]}, 263ms, valid

Level 16:
  Backtracking: {[0,5], [8,6], [6,4], [2,7], [9,9], [7,2], [1,3], [4,8], [5,1], [3,0]}, 0ms, valid
  PSO: {[1,5], [8,6], [6,4], [2,7], [9,9], [7,2], [2,3], [0,8], [5,1], [3,0]}, 40615ms, not valid, fitness = 1.0 (adj = 0, att = 1)

Level 17:
  Backtracking: {[3,4], [7,5], [5,2], [9,0], [8,3], [4,8], [2,1], [0,6], [6,7], [1,9]}, 1ms, valid
  PSO: {[1,6], [9,5], [3,3], [5,4], [8,2], [4,8], [2,1], [0,0], [7,7], [1,9]}, 40134ms, not valid, fitness = 1.0 (adj = 0, att = 1)

Level 18:
  Backtracking: {[9,9], [5,5], [3,6], [1,2], [8,7], [4,3], [2,8], [0,0], [7,4], [6,1]}, 1ms, valid
  PSO: {[9,9], [7,6], [2,5], [1,3], [6,8], [3,2], [1,7], [4,0], [5,4], [8,1]}, 37364ms, not valid, fitness = 1.0 (adj = 0, att = 1)

Level 19:
  Backtracking: {[2,2], [7,8], [0,0], [1,9], [6,3], [9,4], [5,1], [8,6], [4,7], [3,5]}, 0ms, valid
  PSO: {[2,2], [7,8], [0,0], [1,9], [6,3], [9,4], [5,1], [8,6], [4,7], [3,5]}, 166ms, valid

Level 20:
  Backtracking: {[5,9], [6,2], [1,3], [4,7], [8,1], [3,5], [0,0], [2,8], [7,4], [9,6]}, 0ms, valid
  PSO: {[5,7], [6,0], [4,2], [8,8], [9,1], [2,5], [0,3], [3,9], [7,4], [9,6]}, 36550ms, not valid, fitness = 1.0 (adj = 0, att = 1)

Level 21:
  Backtracking: {[2,6], [5,1], [4,3], [8,5], [6,9], [9,2], [0,8], [7,7], [1,4], [3,0]}, 0ms, valid
  PSO: {[2,6], [6,2], [1,0], [7,4], [4,7], [9,3], [5,5], [8,8], [0,2], [3,1]}, 37050ms, not valid, fitness = 1.0 (adj = 0, att = 1)

Level 22:
  Backtracking: {[0,9], [6,2], [9,8], [1,7], [8,1], [5,5], [4,3], [7,6], [2,4], [3,0]}, 1ms, valid
  PSO: {[0,9], [6,2], [9,8], [1,7], [5,0], [4,4], [2,3], [7,6], [1,5], [3,1]}, 37951ms, not valid, fitness = 1.0 (adj = 0, att = 1)

Level 23:
  Backtracking: {[3,0], [7,5], [5,6], [1,9], [0,1], [9,7], [2,2], [6,8], [8,3], [4,4]}, 0ms, valid
  PSO: {[3,0], [7,5], [6,7], [1,9], [0,1], [9,6], [2,2], [9,8], [8,3], [4,4]}, 38115ms, not valid, fitness = 1.0 (adj = 0, att = 1)

Level 24:
  Backtracking: {[4,7], [5,3], [2,9], [0,0], [7,4], [1,2], [9,8], [6,6], [8,1], [3,5]}, 0ms, valid
  PSO: {[4,7], [5,3], [2,9], [0,0], [7,4], [1,2], [9,8], [6,6], [8,1], [3,5]}, 157ms, valid

Level 25:
  Backtracking: {[3,9], [7,6], [5,5], [6,1], [1,8], [9,7], [8,4], [2,0], [4,2], [0,3]}, 3ms, valid
  PSO: {[3,9], [7,5], [5,6], [4,4], [1,8], [8,7], [9,1], [0,0], [2,3], [0,2]}, 37407ms, not valid, fitness = 1.0 (adj = 0, att = 1)

Level 26:
  Backtracking: {[2,1], [5,3], [4,6], [8,0], [6,5], [1,9], [9,8], [0,2], [7,7], [3,4]}, 0ms, valid
  PSO: {[2,1], [5,3], [3,6], [8,0], [6,5], [1,9], [9,7], [0,2], [4,8], [3,4]}, 39735ms, not valid, fitness = 1.0 (adj = 0, att = 1)

Level 27:
  Backtracking: {[8,5], [6,7], [5,3], [2,8], [1,4], [3,2], [4,9], [0,6], [7,1], [9,0]}, 0ms, valid
  PSO: {[8,5], [6,7], [5,3], [2,8], [1,4], [3,2], [4,9], [0,6], [7,1], [9,0]}, 263ms, valid

Level 28:
  Backtracking: {[6,0], [9,3], [7,9], [3,6], [4,8], [5,4], [0,7], [8,1], [2,2], [1,5]}, 1ms, valid
  PSO: {[8,0], [9,3], [9,9], [5,1], [4,7], [7,8], [1,6], [6,4], [2,2], [3,5]}, 41759ms, not valid, fitness = 1.0 (adj = 0, att = 1)

Level 29:
  Backtracking: {[2,8], [9,5], [0,6], [5,7], [8,9], [1,2], [6,4], [7,1], [4,0], [3,3]}, 0ms, valid
  PSO: {[3,7], [9,5], [0,6], [2,0], [8,9], [1,2], [6,4], [7,1], [5,1], [4,3]}, 39889ms, not valid, fitness = 1.0 (adj = 0, att = 1)

Level 30:
  Backtracking: {[9,5], [4,6], [1,9], [0,4], [7,7], [3,8], [6,3], [2,2], [5,0], [8,1]}, 0ms, valid
  PSO: {[9,5], [5,6], [1,9], [0,4], [7,7], [3,8], [8,3], [2,2], [6,1], [8,0]}, 37015ms, not valid, fitness = 1.0 (adj = 0, att = 1)

