======= 9x9 BOARDS =======
PSO Parameters: iterations=100000, particles=50000, neighborhoods=50, c1=1.5, c2=1.0, inertia=0.4, w1=1.0, w2=1.0, maxStagnation=500

Level 1:
  Backtracking: {[0,0], [4,6], [3,3], [6,7], [1,4], [7,5], [8,8], [5,2], [2,1]}, 0ms, valid
  PSO: {[0,0], [4,6], [3,3], [6,7], [1,4], [7,5], [8,8], [5,2], [2,1]}, 208ms, valid

Level 2:
  Backtracking: {[5,1], [4,4], [0,8], [7,6], [1,2], [6,3], [8,0], [2,5], [3,7]}, 0ms, valid
  PSO: {[5,1], [4,4], [0,8], [7,6], [1,2], [6,3], [8,0], [2,5], [3,7]}, 140ms, valid

Level 3:
  Backtracking: {[5,1], [2,5], [1,2], [7,6], [3,3], [4,7], [8,8], [6,4], [0,0]}, 0ms, valid
  PSO: {[5,1], [2,5], [1,2], [7,6], [3,3], [4,7], [8,8], [6,4], [0,0]}, 136ms, valid

Level 4:
  Backtracking: {[6,3], [8,4], [4,2], [7,6], [0,0], [2,1], [5,7], [1,5], [3,8]}, 0ms, valid
  PSO: {[6,2], [8,3], [4,1], [7,5], [0,0], [2,1], [5,7], [1,6], [3,8]}, 30793ms, not valid, fitness = 1.0 (adj = 0, att = 1)

Level 5:
  Backtracking: {[2,7], [0,4], [1,1], [4,3], [5,0], [8,2], [7,8], [3,5], [6,6]}, 1ms, valid
  PSO: {[3,7], [1,2], [0,0], [7,3], [4,0], [8,1], [6,8], [5,5], [2,4]}, 31047ms, not valid, fitness = 1.0 (adj = 0, att = 1)

Level 6:
  Backtracking: {[5,7], [4,4], [3,1], [7,5], [1,0], [6,2], [8,8], [0,6], [2,3]}, 0ms, valid
  PSO: {[6,7], [4,4], [5,1], [7,5], [2,2], [8,0], [8,8], [0,3], [3,6]}, 31738ms, not valid, fitness = 1.0 (adj = 0, att = 1)

Level 7:
  Backtracking: {[7,4], [2,3], [0,8], [3,5], [1,6], [4,2], [6,1], [5,7], [8,0]}, 1ms, valid
  PSO: {[7,4], [2,3], [0,8], [3,5], [1,6], [4,2], [6,1], [5,7], [8,0]}, 131ms, valid

Level 8:
  Backtracking: {[5,4], [8,8], [4,7], [0,0], [3,3], [2,1], [6,6], [7,2], [1,5]}, 1ms, valid
  PSO: {[4,5], [5,0], [0,8], [1,4], [3,3], [1,1], [6,7], [7,2], [2,6]}, 31334ms, not valid, fitness = 1.0 (adj = 0, att = 1)

Level 9:
  Backtracking: {[4,7], [8,1], [2,8], [1,5], [0,0], [6,6], [3,2], [7,3], [5,4]}, 0ms, valid
  PSO: {[4,7], [8,1], [2,8], [1,5], [0,0], [6,6], [3,2], [7,3], [5,4]}, 131ms, valid

Level 10:
  Backtracking: {[8,0], [3,5], [4,3], [2,8], [5,7], [0,6], [1,2], [6,1], [7,4]}, 0ms, valid
  PSO: {[8,0], [3,5], [4,3], [2,8], [5,7], [0,6], [1,2], [6,1], [7,4]}, 199ms, valid

Level 11:
  Backtracking: {[2,4], [8,8], [5,0], [7,1], [4,5], [3,2], [0,3], [6,7], [1,6]}, 0ms, valid
  PSO: {[2,4], [8,8], [5,0], [7,1], [4,5], [3,2], [0,3], [6,7], [1,6]}, 131ms, valid

Level 12:
  Backtracking: {[7,4], [8,7], [4,0], [0,6], [1,3], [6,2], [2,1], [5,8], [3,5]}, 0ms, valid
  PSO: {[7,4], [8,7], [4,0], [0,6], [1,3], [6,2], [2,1], [5,8], [3,5]}, 326ms, valid

Level 13:
  Backtracking: {[3,5], [8,3], [5,1], [1,2], [6,4], [2,8], [0,0], [7,6], [4,7]}, 0ms, valid
  PSO: {[3,5], [8,3], [5,1], [1,2], [6,4], [2,8], [0,0], [7,6], [4,7]}, 202ms, valid

Level 14:
  Backtracking: {[1,5], [7,0], [8,7], [3,3], [6,4], [2,8], [0,1], [4,6], [5,2]}, 0ms, valid
  PSO: {[1,5], [7,0], [8,7], [3,3], [6,4], [2,8], [0,1], [4,6], [5,2]}, 129ms, valid

Level 15:
  Backtracking: {[3,7], [8,8], [6,2], [4,4], [7,6], [0,3], [5,0], [2,5], [1,1]}, 0ms, valid
  PSO: {[3,7], [8,8], [6,2], [4,4], [7,6], [0,3], [5,0], [2,5], [1,1]}, 214ms, valid

Level 16:
  Backtracking: {[2,4], [8,8], [5,0], [1,6], [6,7], [3,2], [0,3], [4,5], [7,1]}, 0ms, valid
  PSO: {[2,4], [8,8], [5,0], [1,6], [6,7], [3,2], [0,3], [4,5], [7,1]}, 205ms, valid

Level 17:
  Backtracking: {[0,8], [6,1], [3,5], [1,6], [5,4], [2,2], [8,0], [7,3], [4,7]}, 0ms, valid
  PSO: {[0,8], [6,1], [3,5], [1,6], [5,4], [2,2], [8,0], [7,3], [4,7]}, 223ms, valid

Level 18:
  Backtracking: {[8,1], [7,5], [6,3], [4,7], [3,2], [1,8], [5,0], [2,6], [0,4]}, 1ms, valid
  PSO: {[8,7], [6,5], [5,1], [4,4], [2,3], [1,8], [3,0], [2,6], [0,2]}, 30979ms, not valid, fitness = 1.0 (adj = 0, att = 1)

Level 19:
  Backtracking: {[7,5], [5,4], [0,8], [2,3], [3,0], [6,7], [1,1], [8,2], [4,6]}, 1ms, valid
  PSO: {[7,5], [5,4], [0,8], [2,3], [3,0], [6,7], [1,1], [8,2], [4,6]}, 130ms, valid

Level 20:
  Backtracking: {[1,7], [6,6], [5,3], [0,1], [2,4], [8,8], [7,0], [4,5], [3,2]}, 0ms, valid
  PSO: {[1,7], [6,6], [5,3], [0,1], [2,4], [8,8], [7,0], [4,5], [3,2]}, 134ms, valid

Level 21:
  Backtracking: {[2,1], [7,6], [5,2], [6,0], [8,4], [3,5], [0,8], [1,3], [4,7]}, 0ms, valid
  PSO: {[2,1], [7,6], [5,2], [6,0], [8,4], [3,5], [0,8], [1,3], [4,7]}, 225ms, valid

Level 22:
  Backtracking: {[7,6], [8,4], [6,8], [0,5], [5,1], [4,7], [1,3], [2,0], [3,2]}, 0ms, valid
  PSO: {[7,6], [8,4], [6,8], [0,5], [5,1], [4,7], [1,3], [2,0], [3,2]}, 132ms, valid

Level 23:
  Backtracking: {[1,6], [6,2], [5,0], [7,5], [0,1], [3,8], [2,4], [8,7], [4,3]}, 0ms, valid
  PSO: {[2,7], [8,1], [6,3], [7,5], [1,0], [0,8], [3,4], [5,8], [4,2]}, 31129ms, not valid, fitness = 1.0 (adj = 0, att = 1)

Level 24:
  Backtracking: {[3,4], [7,8], [6,5], [0,1], [4,6], [1,3], [8,0], [2,7], [5,2]}, 0ms, valid
  PSO: {[1,6], [7,7], [6,5], [0,4], [4,6], [2,1], [8,3], [3,8], [5,2]}, 33493ms, not valid, fitness = 1.0 (adj = 0, att = 1)

Level 25:
  Backtracking: {[3,6], [6,7], [8,8], [1,0], [4,3], [7,2], [5,1], [2,4], [0,5]}, 0ms, valid
  PSO: {[3,6], [6,7], [8,8], [1,0], [4,3], [7,2], [5,1], [2,4], [0,5]}, 302ms, valid

Level 26:
  Backtracking: {[4,6], [3,1], [2,7], [5,3], [0,8], [8,2], [7,5], [6,0], [1,4]}, 0ms, valid
  PSO: {[4,6], [3,1], [2,7], [5,3], [0,8], [8,2], [7,5], [6,0], [1,4]}, 219ms, valid

Level 27:
  Backtracking: {[3,4], [1,3], [4,8], [2,1], [8,6], [0,0], [7,2], [6,7], [5,5]}, 0ms, valid
  PSO: {[3,4], [1,3], [4,8], [2,1], [8,6], [0,0], [7,2], [6,7], [5,5]}, 154ms, valid

Level 28:
  Backtracking: {[0,0], [8,5], [7,1], [1,7], [5,2], [2,3], [3,6], [6,8], [4,4]}, 0ms, valid
  PSO: {[0,0], [8,5], [7,1], [1,7], [5,2], [2,3], [3,6], [6,8], [4,4]}, 138ms, valid

Level 29:
  Backtracking: {[3,6], [5,4], [0,7], [8,8], [7,3], [1,5], [2,0], [6,1], [4,2]}, 0ms, valid
  PSO: {[3,6], [5,4], [0,7], [8,8], [7,3], [1,5], [2,0], [6,1], [4,2]}, 220ms, valid

Level 30:
  Backtracking: {[2,0], [4,5], [0,1], [3,3], [6,6], [8,7], [5,2], [1,8], [7,4]}, 1ms, valid
  PSO: {[3,0], [4,4], [0,1], [2,2], [6,6], [8,7], [5,1], [1,8], [7,3]}, 31289ms, not valid, fitness = 1.0 (adj = 0, att = 1)

